#   pt_bb-ptj30        central        num_err    min (scale)        num_err    max (scale)        num_err
              0      142.11524     0.20257829      111.91758     0.15909802      184.03498     0.27848612
              5      333.50188      0.3047045      262.98734     0.24090664      431.33363     0.41919384
             10      383.77179     0.32718261       303.2771      0.2572105      495.29631     0.44531425
             15      361.72236     0.32024572      286.48812      0.2539294      465.68674     0.43289029
             20      318.01974     0.30270998      252.39783     0.23932296      408.52771      0.4068938
             25      270.95699     0.28111873      215.52802      0.2225937      347.16302     0.37773219
             30      230.46072     0.26083361      183.69806      0.2069727      294.65167     0.34924934
             35      195.22814     0.24181877      155.98811     0.19232557       248.8764      0.3225013
             40      165.84114     0.22574314      132.69376     0.18003145      211.17015     0.30543271
             45      141.15602      0.2072483      113.19119     0.16783562      179.22248     0.28230408
             50         120.41     0.19231915      96.739619     0.15354204      152.50998     0.25504635
             55      103.36166     0.17874817      83.111299     0.14262169      130.81158     0.23639009
             60       88.47027      0.1658028       71.25523     0.13375667      111.67014     0.22259593
             65      76.244058     0.15516955      61.465885     0.12539631      95.989252     0.20550409
             70      65.916005     0.14384817      53.094128      0.1158223      83.035705     0.19173166
             75      57.439211     0.13897827      46.276328     0.11055325      72.320872     0.18762334
             80      49.919161     0.12613557      40.176065     0.10055028      62.920736     0.16811184
             85      43.443456     0.11761743      34.958251    0.093721379       54.75473     0.15655661
             90      37.960207     0.11089553      30.544878    0.088175659      47.835468     0.14821223
             95       33.52307     0.10366123      26.992199    0.082999666       42.19439     0.13899519
            100       29.52129    0.098524799      23.766803    0.078327203       37.15111     0.13208216
            105      26.095941    0.091617697      21.016769    0.073988567      32.819146     0.12362499
            110      22.915721    0.086167211      18.470148    0.073857954      28.783811     0.12195666
            115       20.57611    0.081461496      16.550371    0.064990044      25.903281     0.10982219
            120      18.157982    0.076674472      14.611228     0.06152135      22.847821     0.10345206
            125      16.198904    0.072360642      13.032704    0.057711225      20.380247    0.098354266
            130      14.561882    0.068729586       11.69988    0.054516644      18.349862    0.091885675
            135      12.958229    0.064940186      10.412965    0.051714253      16.319349    0.087341239
            140      11.513444    0.061321507      9.2640605    0.048512251      14.471085    0.082830629
            145      10.392435    0.058338196      8.3386281    0.046108642      13.109835    0.078819648
            150      9.4332975     0.05618491      7.5867547    0.044489552      11.857735     0.07615872
            155      8.4847546    0.053457306      6.8172381     0.04246484       10.67636    0.074154785
            160       7.657885    0.050408258      6.1460781    0.039824505      9.6479025    0.068277814
            165      6.9303654    0.047675149      5.5748142    0.037744779      8.7024277    0.064318134
            170      6.3273198    0.049854761       5.087205    0.038334032      7.9520255     0.07048665
            175      5.7251694    0.043765902       4.598738    0.034813782       7.200403    0.059993348
            180      5.2488491    0.041563312      4.2091013    0.032707251      6.6164762    0.055950331
            185      4.7526354    0.039992426      3.8312978    0.031900508      5.9458458    0.055332636
            190      4.3187466    0.043452426      3.4563561    0.033090118      5.4557892    0.060565031
            195      3.9187764    0.035899075      3.1449951     0.02824018      4.9312563    0.049169526
            200      3.6392205    0.035824931      2.9182614    0.027957289      4.5842846    0.048946394
            205       3.310955      0.0331847      2.6438235    0.025927839      4.1936004    0.044934919
            210      3.0088036    0.031642165      2.4040657    0.024674389      3.8066017    0.043013112
            215      2.7764502     0.03004905      2.2247593    0.023598742      3.4981114    0.041050668
            220      2.5688841    0.030173492      2.0715128    0.025394721       3.209394    0.045278283
            225      2.3658881    0.028191939      1.8883694    0.021974714       2.995422     0.03861655
            230      2.1974142    0.028712062      1.7492887    0.021956227      2.7928237    0.039925676
            235      2.0633101    0.026355297      1.6490399    0.020636078      2.6077303    0.035962106
            240      1.8441724    0.024506803      1.4798469    0.019857031      2.3175338    0.035031251
            245      1.7723362    0.024247041      1.4123246    0.018875036       2.247843    0.033022445
            250      1.5839118    0.022938146      1.2580479    0.017751882      2.0176438    0.031411198
            255      1.4662697    0.022089026      1.1724578    0.017288365      1.8502131    0.030503992
            260      1.4043009    0.023304905      1.1227961    0.017935738      1.7719141    0.032715333
            265        1.28035    0.020815334      1.0334041    0.016678083      1.5940052    0.029740669
            270       1.177603    0.019996431     0.94079072     0.01550218      1.4872444    0.027822352
            275      1.1282068    0.020462627     0.90189687    0.015682963      1.4233722    0.028629611
            280      1.0358124    0.018693005     0.82482484    0.014493702      1.3138574    0.025997563
            285     0.95154573    0.017973162     0.76307868    0.014015238      1.1952054     0.02491791
            290     0.88761791    0.017759675     0.71016487    0.013687779      1.1178158    0.024790967
            295     0.86209723    0.016894754      0.6828611    0.013020907      1.1007604    0.023181601
            300     0.80652065    0.016758734     0.64160227    0.012976885      1.0240664    0.023167855
            305     0.72467188    0.015631105     0.58150333    0.012248946     0.90861353    0.021963909
            310     0.65827233    0.015308544     0.52797776    0.011838455     0.82530736    0.021257816
            315     0.65430558    0.015877546      0.5261557    0.012397227     0.81738105    0.023217638
            320     0.60402296    0.014115068     0.48220672    0.010954308     0.76213553    0.019756816
            325     0.55943974    0.013784357     0.44210388    0.010572489     0.71617425    0.019051541
            330     0.52576857    0.013568253      0.4217694    0.010924095     0.65872156    0.019567729
            335     0.49553995    0.013333823     0.39415768    0.010148045     0.62859442    0.018593351
            340     0.47750025    0.013152579     0.38236636    0.010080686     0.59983412    0.018337671
            345     0.42367211    0.012154671     0.33555586   0.0092832429     0.54014989    0.016950053
            350     0.41607564    0.011935979      0.3297027   0.0091329797     0.53057814    0.016621791
            355     0.37950715    0.012155542     0.31060052   0.0097201897     0.46161808    0.021063185
            360      0.3633717    0.011922775     0.28925298   0.0091003522     0.45990761    0.016703764
            365     0.32704507    0.010476182     0.25999435   0.0081130734      0.4148533    0.014399551
            370     0.32117341    0.010848294     0.25454238   0.0082224133     0.40887447    0.015165842
            375     0.29948703    0.010322146     0.24095359   0.0079991782     0.37332803    0.014504021
            380     0.28549597   0.0098575566     0.23071842   0.0077753241     0.35304841    0.013925154
            385     0.27058956   0.0094816371      0.2141776   0.0072835857     0.34500446    0.013182701
            390      0.2373362    0.008806435     0.18901874   0.0068067158     0.30007711    0.012089068
            395     0.23932067   0.0090380321     0.21304882    0.022054598     0.25863666    0.028532997
            400     0.23542123   0.0088738658     0.18626293   0.0068432684     0.30019683     0.01243405
            405     0.21699286   0.0087142127     0.17587952   0.0073877013     0.26710583    0.014748647
            410     0.19545132   0.0082138401     0.15354102    0.006185281     0.25163977    0.011533127
            415      0.1972575   0.0084872902     0.15545634   0.0063981425     0.25284639    0.012044401
            420     0.18567084   0.0078289961      0.1471449   0.0059479749     0.23633819    0.011107394
            425     0.17092518   0.0078825359     0.13421252   0.0059157961     0.22016198    0.011061236
            430     0.15605933   0.0075502226     0.12550745   0.0057940839      0.1943342     0.01076524
            435     0.15897557    0.013225308     0.12384293   0.0091182178     0.20695644    0.020201004
            440     0.13104822   0.0067514085     0.10437264   0.0051566797     0.16563414   0.0093641546
            445     0.14231754   0.0085489513     0.11299774   0.0062092101     0.18046107    0.012753171
            450     0.13207117   0.0072280194     0.10605594   0.0054542545     0.16482992    0.010239814
            455     0.13206975    0.013159321     0.10669191   0.0092206503     0.16305236    0.020085758
            460     0.12398789   0.0065149316    0.097196172   0.0049435243     0.15994437   0.0090421079
            465     0.12140568   0.0065105784    0.097019644   0.0049709281     0.15262521   0.0089991059
            470     0.10631005   0.0059983724    0.084485248   0.0045797777     0.13463417   0.0086763452
            475     0.10639447   0.0059698629    0.084373032   0.0045690523     0.13503058   0.0081755748
            480      0.0947873   0.0056342682    0.076010632   0.0042916287     0.11852811   0.0082162244
            485     0.09776496   0.0086600611    0.077440292   0.0061584484     0.12423618    0.012999214
            490    0.086254226   0.0052968959    0.069313003   0.0041309826     0.10736507   0.0074669668
            495    0.083345694   0.0053215059    0.066297565    0.004039407     0.10513569   0.0074586174
            500    0.080851039   0.0056177626    0.062919975   0.0041597262      0.1052075   0.0080197188
            505    0.070060788   0.0048911167    0.054499749   0.0036756035    0.091380827   0.0068316194
            510    0.075536108   0.0054904201    0.059163084   0.0040940416    0.097602773   0.0077625236
            515    0.064091554   0.0051186757    0.052251968   0.0038485206    0.077983614   0.0074336553
            520    0.063185437   0.0046714009    0.050820336   0.0035892996    0.078413532   0.0064850343
            525    0.059615555   0.0044166879    0.046422741   0.0033177124    0.077456649   0.0062085833
            530     0.05208606   0.0041769096    0.042067777   0.0031844355    0.064165366   0.0058856841
            535    0.057139396   0.0045582965    0.044735625   0.0033994958    0.073768884   0.0064974918
            540    0.053381571   0.0042516887    0.042158442   0.0032503673    0.068162576    0.005894738
            545    0.064404381   0.0052141684     0.05046121   0.0038433545    0.083182551   0.0076870673
            550    0.055142003   0.0052970208    0.043266187   0.0038612545    0.070941483    0.007810914
            555    0.045140356   0.0041195262    0.037082507   0.0031295382    0.054198813   0.0059145799
            560    0.045247389   0.0041662152    0.034834588   0.0030564513     0.05979048   0.0059826454
            565    0.042948293   0.0043568848    0.035275701   0.0032875999    0.051659999   0.0063082687
            570     0.03637055   0.0037582285     0.02977703   0.0028281144     0.04402477   0.0055042316
            575       0.034792   0.0036798658    0.028461596   0.0027445371    0.041908172   0.0054330334
            580    0.038687122   0.0040386232    0.031196553   0.0030146211    0.047823521   0.0057937169
            585    0.040955097   0.0037481561    0.032144837   0.0028268552    0.052674386   0.0053044078
            590    0.037079943   0.0035819609    0.028833208   0.0026889417     0.04822131   0.0050122772
            595    0.033392254   0.0034028385      0.0264207   0.0025421022    0.042411491   0.0048399466
            600    0.029430168   0.0032991553    0.023681227   0.0024676212    0.036515027   0.0047938146
            605    0.028930448   0.0032359235    0.022526264   0.0023774056    0.037515758   0.0046436473
            610    0.030559854   0.0033424636    0.024828258   0.0024778311    0.037219701   0.0048870431
            615    0.029109424    0.003946538    0.022789672   0.0028363586    0.037561406   0.0058690169
            620    0.026485971   0.0029509169    0.021112992   0.0022707786    0.033341028   0.0042161258
            625    0.025328356    0.002895524    0.019898874   0.0022232907     0.03240902   0.0039740453
            630    0.023105195   0.0029541379    0.017948439   0.0021385344    0.030132439   0.0043272553
            635    0.021603447   0.0026737634    0.017410404   0.0022807226    0.026705653   0.0042078422
            640    0.023455657   0.0028764792    0.018172471   0.0021130044    0.030689545   0.0041206172
            645    0.021321755   0.0029752969    0.016909533   0.0022112624    0.026947701   0.0042214901
            650    0.026441876   0.0039925935    0.020045431   0.0028487877    0.035554938   0.0058354792
            655    0.019129921   0.0027443822    0.014996649   0.0020080048    0.024529469   0.0039516157
            660    0.014011517   0.0024459246    0.011436045   0.0018078621    0.016947288   0.0035236397
            665     0.01432199   0.0023595442    0.011237094    0.001723956    0.018381793   0.0034372759
            670    0.013486817   0.0022696543     0.01058641   0.0016530104    0.017310556   0.0032745121
            675    0.013111968   0.0024841332    0.012211409   0.0017381707    0.013141704   0.0029586471
            680    0.014874398   0.0023510113    0.012004133   0.0017845442    0.018399943   0.0033424027
            685    0.017774811   0.0024864471    0.014495353   0.0019186495    0.021600085    0.003421557
            690    0.014771447   0.0022182421    0.011564636   0.0016716622    0.019026188   0.0031155243
            695    0.017194099   0.0029241149    0.013063599    0.002064831    0.023058251   0.0043603186
            700    0.015576782   0.0043668694    0.011511148   0.0029914176    0.021589965   0.0066240578
            705    0.015156986   0.0023276994    0.012252521   0.0017978717    0.018684477   0.0033353409
            710    0.012592235   0.0020175183   0.0096887885    0.001508468     0.01656662   0.0028104959
            715    0.010171803   0.0017815904   0.0078503911   0.0013306576    0.013343008   0.0024878597
            720    0.011692566    0.002139193   0.0096459333   0.0015982823      0.0139163   0.0030726886
            725     0.01291586   0.0019934113    0.010029399   0.0014863975    0.016806735   0.0028398459
            730     0.01029586   0.0018194469   0.0078348108   0.0013455205     0.01375869   0.0025743529
            735    0.011647873   0.0020266773   0.0091301367   0.0015072922    0.014936452   0.0028428772
            740    0.012714347   0.0021541393    0.010393564   0.0016549173     0.01536848   0.0029813444
            745   0.0097996694   0.0016777574   0.0076546074   0.0013084684    0.012616326   0.0022958408
            750   0.0090326297   0.0018928746   0.0075229953   0.0014427184    0.010534862    0.002622875
            755    0.010964859   0.0018876464   0.0081886486   0.0013768252    0.014975758   0.0027007525
            760    0.008603345   0.0018167865   0.0066938506   0.0013309074    0.011168203   0.0026534907
            765   0.0088675357   0.0016729603   0.0068167695   0.0012551805    0.011699746   0.0023793287
            770   0.0078812845    0.001563719   0.0066922735   0.0012815831   0.0089802479   0.0022509078
            775   0.0041300795   0.0012382965   0.0033788553   0.0009448976   0.0049819269   0.0016868397
            780   0.0095980732   0.0017011415    0.007580318   0.0013096032    0.012147994   0.0023546422
            785   0.0083324388    0.001681106   0.0066170811   0.0012553552     0.01053738   0.0024124841
            790   0.0060199555   0.0015595364   0.0048251638   0.0011244825   0.0074524514   0.0022976255
            795   0.0061262957   0.0014342624   0.0047594277   0.0010576437   0.0079400637   0.0020364011
            800   0.0047653545   0.0012412737   0.0034948871  0.00088342365   0.0066700541   0.0018244732
            805   0.0029636375   0.0011592209   0.0024206486  0.00084974787   0.0035936216   0.0016689236
            810   0.0050729411   0.0015157922    0.004280566   0.0010787868   0.0058233577   0.0025634271
            815   0.0036688649   0.0013152808   0.0030996566  0.00099448462   0.0041899142   0.0018957002
            820   0.0048533164   0.0012834292   0.0038372083  0.00097607959   0.0061338824   0.0017610217
            825   0.0070385882   0.0017979559   0.0051914722   0.0012618272   0.0098337044   0.0027422387
            830    0.004554671   0.0013688684   0.0037408331   0.0010072353   0.0054479264   0.0020350548
            835     0.00423062   0.0012285783   0.0032396121  0.00091441981   0.0056216503   0.0017779104
            840   0.0052159173   0.0013132094   0.0039723116   0.0009658111   0.0069532019   0.0018648815
            845   0.0035847822   0.0011382847   0.0027991351  0.00083337644   0.0046016788    0.001664591
            850   0.0046745692   0.0012551152   0.0036520063  0.00092793077   0.0059686996   0.0018151868
            855   0.0037820478   0.0012884046   0.0030932147  0.00097228423   0.0045527885   0.0017927675
            860    0.002610461   0.0010686265   0.0020739778  0.00076485594   0.0032835676   0.0015683256
            865   0.0034625628   0.0010321143    0.002594601  0.00073975775   0.0046992178   0.0015142524
            870   0.0036432878   0.0011018623   0.0027455517  0.00080517304   0.0049045723   0.0015842854
            875   0.0033367123   0.0010317371   0.0026541622  0.00083674928   0.0042534563   0.0013262077
            880   0.0010281463  0.00073480911  0.00087772334   0.0010195232   0.0010457234  0.00081285416
            885   0.0025934627   0.0010422005   0.0020700032  0.00077062604   0.0032035739   0.0015093791
            890   0.0042043625   0.0012617863    0.003330629  0.00089478921    0.005273876   0.0019305589
            895   0.0037236248   0.0010661228   0.0030598473   0.0008582919   0.0044117361   0.0013962222
            900   0.0030554849   0.0010109052   0.0022218378  0.00070932472   0.0043168903   0.0015083664
            905    0.003101717   0.0013001977   0.0022531447  0.00090171399   0.0043910588   0.0019595331
            910   0.0038950652   0.0011105202   0.0029869698  0.00083636126   0.0051523878    0.001542295
            915   0.0042635613   0.0010768117   0.0033517075  0.00086265124   0.0054334155   0.0014247414
            920   0.0016710588  0.00069145199   0.0013512305  0.00056764492   0.0020613164  0.00087854356
            925   0.0019460731   0.0010377448   0.0014917138  0.00070372376   0.0025705756   0.0016059471
            930    0.001570919  0.00088740548   0.0013405151  0.00064163673   0.0017532273   0.0013057957
            935   0.0031790779   0.0010061764   0.0024466709  0.00075480546   0.0041773863   0.0013961503
            940   0.0022314404  0.00087639843   0.0017473959  0.00066839167   0.0028688458   0.0011960204
            945   0.0003978569  0.00055798525  0.00028450239  0.00036717818  0.00058230203  0.00088130376
            950   0.0012961972  0.00069321031  0.00089724006  0.00047146711   0.0019481971   0.0010789498
            955   0.0029986519   0.0015536508   0.0021078919   0.0010131031   0.0044527441   0.0025146143
            960   0.0013468299  0.00092090957   0.0011063593  0.00064539588   0.0016008267    0.001382468
            965    0.001498601  0.00061177069    0.001124407  0.00046231987   0.0020264483  0.00083847392
            970  0.00076721781   0.0006676949  0.00027106456  0.00089859122  0.00090506833  0.00061246687
            975   0.0028953069  0.00087789909   0.0021980096  0.00067289791   0.0038813736   0.0011755981
            980   0.0023391224   0.0007810548    0.001797469  0.00060458057   0.0030745946   0.0010405669
            985   0.0015481526  0.00063328859   0.0010871288  0.00044507183   0.0022698505  0.00093244779
            990   0.0020815771  0.00081777883   0.0016564833  0.00063123557   0.0026065882   0.0010856722
            995   0.0020263339  0.00085269568   0.0015398664  0.00062505186   0.0027194976   0.0012101053
           1000   0.0020263339  0.00085269568   0.0015398664  0.00062505186   0.0027194976   0.0012101053
