#  pt_Z-mbbZ250        central        num_err    min (scale)        num_err    max (scale)        num_err
              0      241.74054     0.35473031      186.13629       0.252999      445.54943      2.5009095
              5      598.07469     0.53829105      462.84042     0.38764856         1045.4      3.4503769
             10      730.40504     0.57373216      569.39209     0.42009555      1174.2228      3.1785799
             15      721.63249     0.55334898      566.27408     0.41089205      1090.3729      2.6101738
             20      653.89229     0.51476419      515.92769     0.38732584      945.54959      2.1357476
             25       568.2022     0.47092291      450.23842      0.3578771      792.19382        1.73638
             30      485.24597     0.42863716      385.70539     0.32864389      660.93836      1.4252579
             35      408.09743     0.38851327      325.38601     0.30119354      544.44314      1.1733479
             40        343.193     0.35234221      273.97627     0.27375075        452.229     0.99931873
             45      287.24473     0.31913733      229.76809     0.24871724      375.04911     0.82667381
             50      239.54488     0.28941715      191.83933     0.22597334      309.74942     0.74674769
             55      200.96489     0.26331542      160.97363     0.20612549      257.39453     0.62803255
             60      167.43229     0.23826302      134.26644     0.18784562      214.91035     0.53170664
             65      140.25065     0.21566895      112.51627      0.1698836      178.40931     0.44930868
             70      117.08272     0.19598681      94.008279     0.15448923      148.89406     0.41181884
             75      98.471697     0.17871289      79.084389     0.14209351      124.96366      0.3365639
             80      82.488987     0.16331516      66.261487     0.12964435       104.5394     0.30962417
             85      69.129667     0.14745868      55.554799     0.11721182      87.364119     0.26982016
             90      57.977284     0.13424914      46.589903     0.10677289      73.276993     0.22813537
             95        48.7148     0.12198417      39.112281    0.097035551      61.568104     0.21186426
            100      40.843449      0.1106222      32.787458    0.087702191      51.721558     0.17262479
            105      34.419421     0.10050546      27.616381    0.079839549      43.584112     0.14194426
            110      28.856383    0.091071976      23.166988     0.07245203      36.432272     0.12271758
            115      24.417489    0.083359187      19.592005    0.066404626      30.841375     0.11207126
            120       20.80565    0.076009637      16.669217    0.060604442      26.326953     0.10188161
            125        17.8544    0.070315839      14.315107    0.055907678      22.565547    0.093978974
            130      15.294984    0.064819553      12.256637     0.05160937      19.344289    0.086458287
            135      13.149966     0.06011766      10.549907    0.048334696      16.602919    0.083000201
            140      11.295513    0.055698057      9.0248797    0.044243617      14.336524     0.07560686
            145      9.8291188    0.051630768      7.8452291    0.040845936      12.486617    0.069412956
            150      8.5954449    0.048510911      6.8719115    0.038662479      10.891228     0.06659108
            155      7.4959028    0.045322276      5.9969084    0.036811111      9.4848472     0.06465756
            160      6.5057296    0.042565861      5.1988438    0.034127483      8.2441425    0.059012437
            165       5.721782    0.039449608      4.5517966    0.031024905      7.2931401    0.053290098
            170      5.0246371     0.03691406      4.0003028    0.029152697      6.3950846    0.050469302
            175      4.3464538    0.034315905      3.4688275    0.027048824      5.5105199     0.04672121
            180      3.8958796    0.032628721      3.1033137    0.025889353      4.9514782    0.045228612
            185      3.4557591    0.030580569      2.7505691     0.02409192      4.3950256    0.041817551
            190      3.0752182    0.028882912      2.4378948    0.022738152       3.931373    0.039542563
            195       2.705898    0.027300664      2.1459433    0.021350063      3.4571318     0.03744843
            200       2.391553    0.025671924      1.9001329    0.020042379      3.0465003    0.035275393
            205      2.1315803    0.024224617      1.6924226    0.019011562      2.7163685     0.03364556
            210      1.9086462    0.022660311      1.5155809    0.018002656      2.4315738    0.032076308
            215      1.7131591    0.021601551      1.3628586    0.017099422      2.1762934    0.030171529
            220      1.5292816    0.020441774      1.2073927    0.015880991      1.9633048    0.027988856
            225      1.3383562    0.019107509      1.0541866    0.014780669      1.7229306    0.026525272
            230      1.2578763     0.01850877     0.99911384    0.014516679       1.600489    0.025510318
            235      1.0910175    0.017229947     0.86732194    0.013652726      1.3847765    0.024581413
            240     0.96491526     0.01648504     0.76616691    0.012841076      1.2269746    0.023126849
            245     0.89366374    0.015529713     0.70913322    0.012209989      1.1372346     0.02187715
            250     0.83068325    0.015168669     0.65970191    0.011883554      1.0555316    0.020971638
            255     0.73613353     0.01411556     0.58628219    0.011229074     0.93117902    0.019787474
            260     0.64988401    0.013558613     0.51675213    0.010532769     0.82378105    0.019161261
            265     0.60462615    0.012958427     0.47719607   0.0099975759      0.7746889    0.017978931
            270     0.55670356    0.012298288     0.43829282   0.0095313038      0.7151278    0.017087263
            275     0.50178192      0.0119082     0.39612648   0.0091812987     0.64206155    0.016664191
            280     0.46468318    0.011728493     0.36775218   0.0090671369     0.59230675    0.016822932
            285      0.4114165    0.010887941     0.32355653   0.0083487367     0.52904024    0.015303952
            290     0.35995979   0.0099508191     0.28609416   0.0077250742     0.45603505    0.014209655
            295     0.32554385   0.0095723815     0.26139568   0.0075113462     0.40584638    0.013811551
            300     0.29644518   0.0091362352      0.2342334   0.0070353753     0.37815307    0.012715499
            305     0.30369041   0.0095072185     0.24224061   0.0075819007     0.38189682    0.014583894
            310     0.26607249   0.0085534479     0.20915967   0.0065831961     0.34196067    0.011903934
            315     0.22964787    0.007887257     0.17824239   0.0059947569     0.30085385    0.011151918
            320     0.22438885   0.0083038507     0.17799973   0.0063117234     0.28450102    0.011922596
            325     0.20976541   0.0076473309     0.16510878   0.0059032123      0.2686255     0.01078406
            330       0.175052   0.0070445765     0.14065347   0.0055609845     0.21716341    0.010077184
            335     0.17674892   0.0070474348     0.13822581    0.005330574       0.228628   0.0099418441
            340     0.15703025   0.0066101485     0.12482601   0.0051041227       0.198029   0.0092634597
            345     0.13440113   0.0061366989     0.10721517   0.0047420481     0.16864839   0.0086259706
            350     0.11411429   0.0057966382    0.089937711   0.0043804171     0.14577656    0.008225762
            355     0.12473898   0.0060545982     0.10089032   0.0051951228     0.15319014   0.0098913474
            360     0.11432644   0.0056655857    0.089611285   0.0043079298     0.14726689   0.0081708187
            365     0.09770525    0.005263021    0.077265103   0.0040473557      0.1242953   0.0074678824
            370     0.10178192   0.0053839174    0.080727352   0.0041261495     0.12851808   0.0076239962
            375    0.095305358   0.0051386721    0.073658012   0.0038697681     0.12507445   0.0073246929
            380    0.083631196   0.0049331204    0.066321662   0.0037220167     0.10547368   0.0072607779
            385    0.079086624   0.0047658702    0.064367224   0.0037659272    0.095921436   0.0071687978
            390    0.067546141   0.0043715025    0.053168509   0.0034839716    0.086150269   0.0066252735
            395    0.060749601   0.0042858346    0.048131536   0.0032348511    0.076620511   0.0062466225
            400    0.061883846   0.0043194615    0.049795024   0.0033063577    0.076675076   0.0062016286
            405    0.057359178   0.0040763565    0.045388261   0.0031111586     0.07253509   0.0057642613
            410    0.049443872   0.0038977071     0.04069947   0.0031748866    0.059046041   0.0059050542
            415    0.053476393   0.0040407071    0.041238569   0.0030030168    0.070458048   0.0058623526
            420    0.045840806   0.0035096834    0.035511867   0.0026808095    0.059899961   0.0051443785
            425    0.045215509   0.0034634708    0.035621138   0.0027116568    0.057705434   0.0047699844
            430    0.041218441   0.0034816235    0.033630855   0.0027466531    0.049394736   0.0050964327
            435      0.0362259    0.003163588    0.028821805   0.0024509665    0.045280286   0.0043985627
            440    0.040813423   0.0032932933    0.031818391   0.0025527548    0.052707381   0.0044712051
            445    0.029517099   0.0028950775    0.023877874    0.002309306    0.035829647   0.0043467602
            450     0.02505598   0.0025798163     0.01970015   0.0019797983     0.03193572   0.0036636549
            455    0.027465017   0.0028042196    0.021157698   0.0020982989    0.036054982   0.0040029034
            460    0.024447503   0.0028126651    0.019653126   0.0021483757    0.029971349   0.0041231724
            465    0.021374969   0.0025510014    0.017458455   0.0019806934     0.02565516    0.004070006
            470    0.027955815     0.00277261    0.022625812   0.0025710794    0.034349049   0.0048788382
            475    0.020971853   0.0023760479     0.01607717   0.0018064522    0.027679122   0.0032891346
            480    0.020187268   0.0025218555    0.016660139   0.0019622315    0.023824568   0.0038456619
            485    0.014985793   0.0021191804     0.01148496   0.0015704383    0.019840433   0.0030298398
            490    0.015300941   0.0021939038    0.011949974   0.0016096451    0.019692337    0.003215846
            495    0.018717672   0.0022984486    0.013988719   0.0016791247    0.025601965   0.0033293573
            500    0.021957507   0.0024360873    0.016516884   0.0018017715    0.029783529   0.0034912999
            505    0.016077163   0.0027051054    0.012373316   0.0019064506    0.021003211   0.0040962928
            510    0.014443027   0.0019834579    0.011009584   0.0014923734    0.019175536   0.0027386575
            515    0.013293322   0.0019264182    0.010246144   0.0014568985     0.01739696   0.0028222721
            520    0.012280445   0.0018581996   0.0096475166   0.0013874315    0.015654143   0.0029295824
            525   0.0078243368   0.0016894302   0.0062598346   0.0012045917   0.0096940986    0.002574361
            530   0.0089280188   0.0017795386    0.007299822   0.0013685393    0.010520458   0.0027578572
            535   0.0072910968   0.0015676626   0.0056453164   0.0011223747   0.0094915231   0.0023436322
            540   0.0090253924   0.0015453567   0.0070093673   0.0011909326     0.01169787   0.0020671942
            545   0.0083720507   0.0015427194   0.0066112114   0.0011947815    0.010564243   0.0021366949
            550   0.0069931381    0.001456219   0.0059039637   0.0010951745   0.0078628554   0.0023129817
            555   0.0080048773   0.0015415925    0.006557132   0.0011624395   0.0095621978   0.0024745565
            560   0.0060754784    0.001383719    0.005197469   0.0011518497   0.0067460859   0.0018395074
            565    0.004286321   0.0013060409   0.0032652782   0.0023870976   0.0044223892   0.0012234539
            570     0.00729841   0.0014010118   0.0061324019   0.0011329643    0.008297787    0.001940749
            575   0.0052448139   0.0012486994   0.0041858569  0.00095067706   0.0065125914   0.0017707382
            580   0.0056295897   0.0013033058   0.0043280191  0.00097037127   0.0074504165   0.0018845615
            585   0.0055619585     0.00128749   0.0041768013   0.0009135185   0.0075569794    0.001944104
            590   0.0070863591   0.0013417946   0.0053154531   0.0010228526   0.0096075153   0.0018776714
            595   0.0038799999   0.0011234816   0.0030013228  0.00083049091   0.0050566359   0.0016057138
            600   0.0047454053   0.0013448783     0.00391745   0.0023775073    0.004786849   0.0014613153
            605   0.0059940793     0.00122347   0.0043927441  0.00090042636   0.0083902957    0.001725552
            610   0.0027473449  0.00096722621   0.0023238474  0.00068912963   0.0030340286   0.0014731743
            615   0.0042458123   0.0011444536   0.0034485723   0.0008594135   0.0050587599   0.0016100388
            620   0.0032480127  0.00096755525   0.0018841081   0.0021784982   0.0034702448   0.0012340572
            625   0.0022477901  0.00090045119   0.0019108108   0.0006908366   0.0025154977   0.0011730631
            630   0.0042485977   0.0010892366   0.0034306391  0.00084868347    0.005135483   0.0015054002
            635   0.0040217423   0.0010056912   0.0032162671  0.00082146196   0.0049620788   0.0013089068
            640   0.0029970492  0.00086513032   0.0022906455  0.00066954995     0.00394662   0.0011724947
            645   0.0037465372   0.0010886395    0.003015593  0.00079639378   0.0045408966   0.0016135164
            650   0.0032468107  0.00096723771    0.002593221  0.00072141527   0.0039841335   0.0014039528
            655   0.0019980477  0.00078975768    0.001650054  0.00062583114   0.0023091002   0.0010240221
            660   0.0012538505  0.00066268189    0.001044089  0.00050886411   0.0014341304  0.00091806658
            665   0.0032467853  0.00090045119   0.0024524388   0.0006889347   0.0043778697   0.0012487442
            670  0.00099903974  0.00049949489  0.00086558983  0.00044968031   0.0010627091  0.00053262128
            675   0.0017675612  0.00066828074   0.0012780159  0.00048521757   0.0025270207  0.00096616631
            680   0.0034965468  0.00099895489   0.0025739396  0.00070630041   0.0048460731   0.0015174634
            685   0.0024975325  0.00078974964   0.0018296789  0.00058748575   0.0035201527   0.0011448641
            690  0.00099903336  0.00070636995  0.00078024803  0.00046945673   0.0012643244   0.0011343983
            695   0.0010983021  0.00055581228  0.00095996183  0.00048992126    0.001191822  0.00062082236
            700   0.0012487694  0.00066074978  0.00094800636  0.00045419788   0.0016913386    0.001016248
            705   0.0020300794  0.00071833066   0.0013997901  0.00049949434   0.0030894753   0.0010982522
            710   0.0004994976  0.00035318048  0.00035028298  0.00024770095  0.00074107472  0.00052405131
            715   0.0012487567  0.00055843305  0.00090934818  0.00040894225   0.0017506518  0.00079124365
            720  0.00099917327  0.00049956166  0.00077872814  0.00038969494   0.0012871161  0.00064430627
            725   0.0012487631  0.00066074259   0.0009908426  0.00045215142   0.0015500477   0.0010826559
            730   0.0020737043  0.00091090372   0.0016713895  0.00066128945   0.0024925342   0.0014012706
            735  0.00074926549    0.000432567  0.00051148488  0.00029862182    0.001155364  0.00067656231
            740  0.00099901427  0.00049948216  0.00073377424  0.00036850127   0.0013919301  0.00070109905
            745  0.00050351032  0.00035602899   0.0004241081  0.00030022643  0.00058801908  0.00041824638
            750  0.00099903339  0.00061174212  0.00090534183  0.00049785396   0.0010246168  0.00076517172
            755  0.00074926547  0.00043256699  0.00059822575  0.00034563167  0.00092361208  0.00053490788
            760              0              0              0              0              0              0
            765  0.00033262321  0.00033260658  0.00026244198  0.00026242886  0.00043022576  0.00043020423
            770  0.00024976787  0.00055842453  4.9602417e-06   0.0009567744  0.00033095073   0.0004006123
            775  0.00099900156   0.0004994758  0.00067399046  0.00033835369   0.0015521653  0.00078025858
            780  0.00049950396  0.00035318497  0.00035039745  0.00024775611  0.00073569475  0.00052018911
            785   0.0014225564  0.00064294221   0.0010745882  0.00048364709   0.0019300222  0.00090494243
            790  0.00049956121  0.00035322545  0.00045707472   0.0003246442  0.00050332591  0.00035601261
            795   0.0002497488  0.00024973631  0.00015140859  0.00015140101  0.00043383784  0.00043381615
            800              0  0.00035317149 -0.00023802862  0.00078635563  9.0690623e-05  0.00016670882
            805   0.0004994976  0.00035318048  0.00036036885  0.00025734696  0.00071303658  0.00051313474
            810              0              0              0              0              0              0
            815  0.00049950396  0.00035318497   0.0003323116  0.00023562823  0.00078267727  0.00055552195
            820  0.00049949125  0.00035317599  0.00036758664  0.00026234879  0.00068782833  0.00049647233
            825  0.00024975516  0.00024974267  0.00019938951  0.00019937954  0.00030569793  0.00030568264
            830   0.0002497488  0.00024973631  0.00015402862  0.00015402092   0.0004247504  0.00042472916
            835  0.00049950396   0.0004994758  0.00042190143  0.00032798163  0.00053056279  0.00083671393
            840   0.0002497488  0.00024973631  0.00016834976  0.00016834134  0.00038755485  0.00038753548
            845  0.00024975516  0.00024974267  0.00022483307  0.00022482182  0.00025674404  0.00025673121
            850  0.00024975516  0.00024974267  0.00017878538  0.00017877644  0.00036092846  0.00036091043
            855  0.00024975516  0.00024974267  0.00018703338  0.00018702403  0.00033615262  0.00033613583
            860  0.00024976154  0.00024974905  8.4101752e-05  8.4097545e-05  0.00028207313  0.00028205902
            865  0.00024975516  0.00024974267  0.00017399682  0.00017398812  0.00036986328  0.00036984477
            870              0              0              0              0              0              0
            875  0.00024976154  0.00043256333  0.00016688713  0.00072274367  0.00028305247  0.00039201627
            880              0              0              0              0              0              0
            885  -0.0002497488  0.00024973631 -0.00046805087  0.00046802747 -0.00014114467  0.00014113762
            890  0.00049950396  0.00035318497  0.00035297934  0.00025004446  0.00072455962  0.00051416448
            895  0.00024976789    0.000432567 -5.6292544e-05  0.00058653189  0.00033299203  0.00038333385
            900              0              0              0              0              0              0
            905  -0.0002497488  0.00024973631 -0.00044714153  0.00044711917 -0.00014452782  0.00014452059
            910              0              0              0              0              0              0
            915  0.00024975516  0.00024974267  0.00016147536  0.00016146728  0.00040394913  0.00040392893
            920              0              0              0              0              0              0
            925  0.00049951031  0.00035318947  0.00039154213  0.00027702493  0.00061904611  0.00043853301
            930              0              0              0              0              0              0
            935              0              0              0              0              0              0
            940 -0.00049948489  0.00035317149  -0.0013094563  0.00092755859 -0.00014757138  0.00010585371
            945  0.00024975516  0.00024974267  0.00020080127  0.00020079123   0.0003024356  0.00030242048
            950              0              0              0              0              0              0
            955   0.0002497488  0.00024973631  0.00014808903  0.00014808163    0.000445062  0.00044503975
            960  0.00024975516  0.00024974267  0.00020449603  0.00020448581   0.0002923116  0.00029229699
            965              0              0              0              0              0              0
            970  0.00074926547  0.00043256699  0.00057892527  0.00033544059  0.00095720827  0.00055801777
            975              0              0              0              0              0              0
            980  0.00024975516  0.00024974267  0.00017914149  0.00017913254   0.0003542194  0.00035420169
            985  0.00074926549    0.000432567  0.00050964071  0.00029541255   0.0011472941  0.00066589129
            990  0.00049950396  0.00035318497    0.000333876  0.00023724705  0.00078611765  0.00055925288
            995              0              0              0              0              0              0
           1000              0              0              0              0              0              0
