qTcut          mu_R/mWbb      mu_F/mWbb      dXS +- err (NNLO.QT-CS.42.RCA.QCD)

0.01           0.5            1              6607.0883       +- 5.149242       
0.01           1              1              4617.3362       +- 3.3410924      
0.01           2              1              3321.2259       +- 2.2699905      

0.02           0.5            1              9828.6908       +- 4.3613859      
0.02           1              1              6659.5508       +- 2.8341567      
0.02           2              1              4680.3608       +- 1.9282067      

0.03           0.5            1              11261.177       +- 4.01343        
0.03           1              1              7564.441        +- 2.6104249      
0.03           2              1              5280.7591       +- 1.7774821      

0.04           0.5            1              12089.725       +- 3.7974861      
0.04           1              1              8086.1339       +- 2.4717553      
0.04           2              1              5625.9288       +- 1.6841705      

0.05           0.5            1              12631.756       +- 3.6431879      
0.05           1              1              8426.3015       +- 2.3727732      
0.05           2              1              5850.3476       +- 1.6176264      

0.06           0.5            1              13013.989       +- 3.5245523      
0.06           1              1              8665.4183       +- 2.2967286      
0.06           2              1              6007.656        +- 1.5665371      

0.07           0.5            1              13292.795       +- 3.4287725      
0.07           1              1              8839.162        +- 2.2353706      
0.07           2              1              6121.5676       +- 1.525337       

0.08           0.5            1              13505.897       +- 3.3498978      
0.08           1              1              8971.495        +- 2.1848835      
0.08           2              1              6208.0572       +- 1.4914611      

0.09           0.5            1              13667.949       +- 3.2827166      
0.09           1              1              9071.6128       +- 2.141918       
0.09           2              1              6273.1907       +- 1.4626543      

0.1            0.5            1              13796.474       +- 3.2243583      
0.1            1              1              9150.6497       +- 2.1046056      
0.1            2              1              6324.393        +- 1.4376442      

0.11           0.5            1              13898.892       +- 3.1729492      
0.11           1              1              9213.2688       +- 2.0717417      
0.11           2              1              6364.7442       +- 1.4156179      

0.12           0.5            1              13981.033       +- 3.1266514      
0.12           1              1              9263.1517       +- 2.0421106      
0.12           2              1              6396.6865       +- 1.3957327      

0.13           0.5            1              14046.899       +- 3.0853366      
0.13           1              1              9302.8262       +- 2.0157128      
0.13           2              1              6421.8975       +- 1.378048       

0.14           0.5            1              14099.815       +- 3.047782       
0.14           1              1              9334.4031       +- 1.9917167      
0.14           2              1              6441.7826       +- 1.3619704      

0.15           0.5            1              14141.654       +- 3.0133764      
0.15           1              1              9359.0514       +- 1.9697618      
0.15           2              1              6457.1105       +- 1.3472794      

0.16           0.5            1              14174.862       +- 2.9818834      
0.16           1              1              9378.3026       +- 1.9496667      
0.16           2              1              6468.8891       +- 1.3338334      

0.17           0.5            1              14200.584       +- 2.9520586      
0.17           1              1              9392.8811       +- 1.9306395      
0.17           2              1              6477.5991       +- 1.3211035      

0.18           0.5            1              14220.616       +- 2.92456        
0.18           1              1              9403.9159       +- 1.913086       
0.18           2              1              6483.9875       +- 1.3093536      

0.19           0.5            1              14235.361       +- 2.8990074      
0.19           1              1              9411.6606       +- 1.8967699      
0.19           2              1              6488.2206       +- 1.2984268      

0.2            0.5            1              14245.861       +- 2.8750581      
0.2            1              1              9416.7756       +- 1.8814843      
0.2            2              1              6490.7389       +- 1.2881943      

0.21           0.5            1              14253.777       +- 2.8524657      
0.21           1              1              9420.3222       +- 1.8670663      
0.21           2              1              6492.2532       +- 1.2785437      

0.22           0.5            1              14257.958       +- 2.8313103      
0.22           1              1              9421.5425       +- 1.8535788      
0.22           2              1              6492.2433       +- 1.2695246      

0.23           0.5            1              14259.843       +- 2.8112089      
0.23           1              1              9421.3445       +- 1.8407546      
0.23           2              1              6491.3108       +- 1.2609427      

0.24           0.5            1              14258.905       +- 2.792069       
0.24           1              1              9419.3956       +- 1.8285333      
0.24           2              1              6489.235        +- 1.2527576      

0.25           0.5            1              14255.95        +- 2.7739476      
0.25           1              1              9416.2073       +- 1.8169641      
0.25           2              1              6486.3562       +- 1.2450101      

0.26           0.5            1              14250.743       +- 2.7556548      
0.26           1              1              9411.6225       +- 1.8051152      
0.26           2              1              6482.5663       +- 1.2369609      

0.27           0.5            1              14244.509       +- 2.739121       
0.27           1              1              9406.4397       +- 1.7945662      
0.27           2              1              6478.4086       +- 1.2299004      

0.28           0.5            1              14236.702       +- 2.723404       
0.28           1              1              9400.2884       +- 1.7845493      
0.28           2              1              6473.623        +- 1.2232039      

0.29           0.5            1              14227.062       +- 2.7081106      
0.29           1              1              9392.9835       +- 1.7747742      
0.29           2              1              6468.074        +- 1.2166494      

0.3            0.5            1              14216.774       +- 2.6936132      
0.3            1              1              9385.3145       +- 1.765518       
0.3            2              1              6462.3096       +- 1.2104497      

0.31           0.5            1              14205.659       +- 2.6796775      
0.31           1              1              9377.1564       +- 1.7566243      
0.31           2              1              6456.2399       +- 1.2044957      

0.32           0.5            1              14193.761       +- 2.6662418      
0.32           1              1              9368.5241       +- 1.7480538      
0.32           2              1              6449.8673       +- 1.1987606      

0.33           0.5            1              14180.838       +- 2.6531925      
0.33           1              1              9359.2525       +- 1.7397202      
0.33           2              1              6443.0752       +- 1.1931771      

0.34           0.5            1              14167.548       +- 2.6408031      
0.34           1              1              9349.7757       +- 1.7318073      
0.34           2              1              6436.1621       +- 1.1878757      

0.35           0.5            1              14153.849       +- 2.6288734      
0.35           1              1              9340.0725       +- 1.7241979      
0.35           2              1              6429.1176       +- 1.1827844      

0.36           0.5            1              14139.697       +- 2.6171732      
0.36           1              1              9330.0988       +- 1.7167166      
0.36           2              1              6421.9021       +- 1.177766       

0.37           0.5            1              14124.936       +- 2.605765       
0.37           1              1              9319.7507       +- 1.7094169      
0.37           2              1              6414.4442       +- 1.1728653      

0.38           0.5            1              14109.265       +- 2.5946348      
0.38           1              1              9308.8459       +- 1.7022589      
0.38           2              1              6406.6267       +- 1.1680343      

0.39           0.5            1              14093.732       +- 2.5840512      
0.39           1              1              9298.0576       +- 1.6954931      
0.39           2              1              6398.9039       +- 1.1634959      

0.4            0.5            1              14077.287       +- 2.5737023      
0.4            1              1              9286.7001       +- 1.6888852      
0.4            2              1              6390.8078       +- 1.1590695      

0.41           0.5            1              14061.205       +- 2.5636158      
0.41           1              1              9275.5874       +- 1.6824226      
0.41           2              1              6382.8825       +- 1.1547252      

0.42           0.5            1              14044.352       +- 2.553635       
0.42           1              1              9263.9932       +- 1.6760021      
0.42           2              1              6374.6405       +- 1.1503905      

0.43           0.5            1              14027.337       +- 2.5441366      
0.43           1              1              9252.321        +- 1.6699204      
0.43           2              1              6366.3609       +- 1.1463048      

0.44           0.5            1              14010.322       +- 2.5349664      
0.44           1              1              9240.6703       +- 1.664057       
0.44           2              1              6358.1085       +- 1.1423717      

0.45           0.5            1              13993.409       +- 2.5259831      
0.45           1              1              9229.1044       +- 1.6583126      
0.45           2              1              6349.9237       +- 1.1385177      

0.46           0.5            1              13976.107       +- 2.5172364      
0.46           1              1              9217.2973       +- 1.6527167      
0.46           2              1              6341.5817       +- 1.1347614      

0.47           0.5            1              13958.545       +- 2.5087238      
0.47           1              1              9205.3379       +- 1.6472704      
0.47           2              1              6333.1456       +- 1.1311054      

0.48           0.5            1              13940.917       +- 2.5003381      
0.48           1              1              9193.3414       +- 1.6419028      
0.48           2              1              6324.6872       +- 1.1275002      

0.49           0.5            1              13923.3         +- 2.4922663      
0.49           1              1              9181.3701       +- 1.6367399      
0.49           2              1              6316.2561       +- 1.1240357      

0.5            0.5            1              13906.019       +- 2.4844411      
0.5            1              1              9169.6259       +- 1.6317338      
0.5            2              1              6307.9842       +- 1.1206754      

0.51           0.5            1              13888.219       +- 2.4766958      
0.51           1              1              9157.5648       +- 1.6267706      
0.51           2              1              6299.5083       +- 1.1173383      

0.52           0.5            1              13870.585       +- 2.469098       
0.52           1              1              9145.6095       +- 1.6218916      
0.52           2              1              6291.1031       +- 1.114051       

0.53           0.5            1              13852.607       +- 2.4617243      
0.53           1              1              9133.4619       +- 1.6171793      
0.53           2              1              6282.5845       +- 1.1108912      

0.54           0.5            1              13835.112       +- 2.454441       
0.54           1              1              9121.6245       +- 1.6125179      
0.54           2              1              6274.2749       +- 1.1077607      

0.55           0.5            1              13817.141       +- 2.4474227      
0.55           1              1              9109.4985       +- 1.6080299      
0.55           2              1              6265.7808       +- 1.1047498      

0.56           0.5            1              13799.15        +- 2.4404243      
0.56           1              1              9097.3628       +- 1.6035476      
0.56           2              1              6257.2817       +- 1.1017373      

0.57           0.5            1              13781.142       +- 2.4336127      
0.57           1              1              9085.2261       +- 1.599191       
0.57           2              1              6248.7878       +- 1.098814       

0.58           0.5            1              13763.234       +- 2.4270012      
0.58           1              1              9073.1681       +- 1.5949643      
0.58           2              1              6240.3555       +- 1.0959786      

0.59           0.5            1              13745.126       +- 2.4204285      
0.59           1              1              9060.9877       +- 1.5907491      
0.59           2              1              6231.8435       +- 1.0931423      

0.6            0.5            1              13727.032       +- 2.4138285      
0.6            1              1              9048.8207       +- 1.5865199      
0.6            2              1              6223.3427       +- 1.0902982      

0.61           0.5            1              13709.472       +- 2.4074869      
0.61           1              1              9037.007        +- 1.5824513      
0.61           2              1              6215.0859       +- 1.0875596      

0.62           0.5            1              13691.249       +- 2.4013154      
0.62           1              1              9024.7725       +- 1.578497       
0.62           2              1              6206.5487       +- 1.084901       

0.63           0.5            1              13673.247       +- 2.3952202      
0.63           1              1              9012.6906       +- 1.5745934      
0.63           2              1              6198.1204       +- 1.0822781      

0.64           0.5            1              13655.014       +- 2.3892652      
0.64           1              1              9000.4632       +- 1.5707764      
0.64           2              1              6189.596        +- 1.0797112      

0.65           0.5            1              13637.366       +- 2.3834238      
0.65           1              1              8988.6172       +- 1.5670235      
0.65           2              1              6181.3309       +- 1.0771816      

0.66           0.5            1              13619.302       +- 2.3775963      
0.66           1              1              8976.5094       +- 1.5632785      
0.66           2              1              6172.8923       +- 1.0746565      

0.67           0.5            1              13601.403       +- 2.3718771      
0.67           1              1              8964.5091       +- 1.5595963      
0.67           2              1              6164.5274       +- 1.0721691      

0.68           0.5            1              13583.88        +- 2.3662885      
0.68           1              1              8952.7608       +- 1.5560046      
0.68           2              1              6156.338        +- 1.0697472      

0.69           0.5            1              13565.977       +- 2.3608951      
0.69           1              1              8940.7782       +- 1.5525444      
0.69           2              1              6147.997        +- 1.067418       

0.7            0.5            1              13548.198       +- 2.3555055      
0.7            1              1              8928.8835       +- 1.5490891      
0.7            2              1              6139.7194       +- 1.0650936      

0.71           0.5            1              13530.475       +- 2.3503134      
0.71           1              1              8917.0282       +- 1.545759       
0.71           2              1              6131.47         +- 1.0628524      

0.72           0.5            1              13512.672       +- 2.3450992      
0.72           1              1              8905.1277       +- 1.5424066      
0.72           2              1              6123.1944       +- 1.0605907      

0.73           0.5            1              13494.738       +- 2.3399093      
0.73           1              1              8893.15         +- 1.5390643      
0.73           2              1              6114.8702       +- 1.0583327      

0.74           0.5            1              13476.962       +- 2.3348131      
0.74           1              1              8881.2758       +- 1.5357863      
0.74           2              1              6106.6167       +- 1.0561205      

0.75           0.5            1              13459.458       +- 2.3298491      
0.75           1              1              8869.5828       +- 1.5325927      
0.75           2              1              6098.4886       +- 1.053965       

0.76           0.5            1              13441.92        +- 2.3249147      
0.76           1              1              8857.8713       +- 1.5294161      
0.76           2              1              6090.3503       +- 1.0518194      

0.77           0.5            1              13424.153       +- 2.3200364      
0.77           1              1              8846.0193       +- 1.5262773      
0.77           2              1              6082.1215       +- 1.0497008      

0.78           0.5            1              13406.777       +- 2.3151012      
0.78           1              1              8834.4184       +- 1.5230799      
0.78           2              1              6074.0607       +- 1.0475275      

0.79           0.5            1              13389.368       +- 2.3104289      
0.79           1              1              8822.8072       +- 1.5200677      
0.79           2              1              6065.9999       +- 1.0454899      

0.8            0.5            1              13372.225       +- 2.3058308      
0.8            1              1              8811.3688       +- 1.5171118      
0.8            2              1              6058.0565       +- 1.0434965      

0.81           0.5            1              13354.97        +- 2.3013221      
0.81           1              1              8799.8628       +- 1.5142131      
0.81           2              1              6050.0699       +- 1.0415413      

0.82           0.5            1              13337.664       +- 2.2968353      
0.82           1              1              8788.3279       +- 1.5113292      
0.82           2              1              6042.066        +- 1.0395966      

0.83           0.5            1              13320.795       +- 2.2923957      
0.83           1              1              8777.0838       +- 1.508473       
0.83           2              1              6034.2636       +- 1.0376687      

0.84           0.5            1              13303.715       +- 2.288048       
0.84           1              1              8765.7039       +- 1.5056738      
0.84           2              1              6026.3696       +- 1.035778       

0.85           0.5            1              13286.744       +- 2.2837148      
0.85           1              1              8754.3982       +- 1.5028842      
0.85           2              1              6018.5283       +- 1.0338938      

0.86           0.5            1              13270.102       +- 2.2795039      
0.86           1              1              8743.3085       +- 1.5001766      
0.86           2              1              6010.8347       +- 1.0320673      

0.87           0.5            1              13253.304       +- 2.2752738      
0.87           1              1              8732.1187       +- 1.4974503      
0.87           2              1              6003.0737       +- 1.0302236      

0.88           0.5            1              13236.548       +- 2.2710859      
0.88           1              1              8720.9607       +- 1.4947484      
0.88           2              1              5995.3371       +- 1.028395       

0.89           0.5            1              13219.926       +- 2.2670288      
0.89           1              1              8709.8914       +- 1.4921372      
0.89           2              1              5987.6611       +- 1.026632       

0.9            0.5            1              13203.304       +- 2.2630379      
0.9            1              1              8698.8247       +- 1.489567       
0.9            2              1              5979.9889       +- 1.0248956      

0.91           0.5            1              13186.699       +- 2.2590541      
0.91           1              1              8687.7764       +- 1.4870024      
0.91           2              1              5972.3329       +- 1.0231634      

0.92           0.5            1              13170.264       +- 2.255079       
0.92           1              1              8676.8431       +- 1.484437       
0.92           2              1              5964.7577       +- 1.0214262      

0.93           0.5            1              13153.657       +- 2.2507073      
0.93           1              1              8665.7916       +- 1.4815285      
0.93           2              1              5957.098        +- 1.0193947      

0.94           0.5            1              13137.245       +- 2.2468833      
0.94           1              1              8654.8738       +- 1.4790612      
0.94           2              1              5949.534        +- 1.0177249      

0.95           0.5            1              13121.125       +- 2.2431072      
0.95           1              1              8644.1442       +- 1.4766297      
0.95           2              1              5942.0965       +- 1.0160825      

0.96           0.5            1              13105.102       +- 2.2393734      
0.96           1              1              8633.4822       +- 1.4742185      
0.96           2              1              5934.7076       +- 1.0144491      

0.97           0.5            1              13088.596       +- 2.2356418      
0.97           1              1              8622.5099       +- 1.4718079      
0.97           2              1              5927.11         +- 1.0128154      

0.98           0.5            1              13072.349       +- 2.2318525      
0.98           1              1              8611.7088       +- 1.4693552      
0.98           2              1              5919.63         +- 1.01115        

0.99           0.5            1              13056.17        +- 2.2282556      
0.99           1              1              8600.9608       +- 1.4670413      
0.99           2              1              5912.1915       +- 1.0095884      

1              0.5            1              13039.989       +- 2.2246338      
1              1              1              8590.2061       +- 1.4647077      
1              2              1              5904.7456       +- 1.0080113      
