# m_Zbb-CMS-2bj        central        num_err    min (scale)        num_err    max (scale)        num_err
# et
            150      1.8370823    0.011846961      1.6094244    0.010900779      2.1216954    0.013045617
            200      2.5944552    0.015713816      2.2743498    0.014631193         2.9995    0.016859937
            250      2.0198899    0.013243045      1.7628682    0.012152983      2.3475607    0.014597281
            300      1.4545604    0.011728089      1.2667975    0.010836258      1.6943859    0.012753067
            350      1.0281535    0.011426113     0.89502098    0.010803578      1.2009783    0.012443145
            400     0.72814588   0.0081033804      0.6277857   0.0073399129     0.86071553   0.0090796546
            450     0.50354279   0.0065623636     0.43201369   0.0059567902     0.59825583   0.0073369389
            500     0.33087597   0.0048449503     0.28377164    0.004380713     0.39331995    0.005408994
            600     0.33087597   0.0048449503     0.28377164    0.004380713     0.39331995    0.005408994
