                0          -89.442317       0.636858
                5          -146.36202       0.947585
               10          -71.370124       0.968007
               15           14.540320       0.882481
               20           73.890113       0.766850
               25           105.19131       0.670285
               30           119.10989       0.579617
               35           122.05061       0.507851
               40           116.76470       0.452642
               45           108.74049       0.393817
               50           98.735635       0.348578
               55           88.445468       0.313348
               60           79.445382       0.278029
               65           70.349333       0.251090
               70           62.006517       0.229509
               75           54.536554       0.210682
               80           48.106124       0.197489
               85           42.167194       0.171770
               90           37.046199       0.159227
               95           32.495411       0.145656
              100           28.410622       0.136228
              105           25.063845       0.124514
              110           21.924049       0.115322
              115           19.303345       0.108969
              120           16.957483       0.115073
              125           15.206313      0.0910663
              130           13.526746      0.0851641
              135           11.778784      0.0796554
              140           10.617308      0.0736924
              145           9.5775634      0.0686819
              150           8.4862331      0.0640709
              155           7.5324815      0.0610666
              160           6.7521674      0.0616526
              165           6.1476971      0.0527421
              170           5.5006912      0.0559991
              175           4.8067582      0.0461963
              180           4.4317280      0.0438732
              185           3.9496043      0.0426776
              190           3.6800549      0.0393852
              195           3.2903652      0.0379255
              200           3.0269995      0.0347252
              205           2.6893692      0.0363572
              210           2.4364508      0.0350423
              215           2.1938165      0.0316929
              220           1.9821845      0.0291289
              225           1.8511441      0.0270033
              230           1.7034221      0.0246354
              235           1.6113269      0.0233731
              240           1.4106545      0.0231256
              245           1.3250360      0.0217052
              250           1.2153023      0.0198470
              255           1.0827750      0.0191115
              260           1.0075123      0.0185655
              265          0.90411549      0.0187057
              270          0.87565625      0.0174276
              275          0.82697759      0.0169443
              280          0.71200583      0.0157664
              285          0.69181792      0.0156040
              290          0.66381285      0.0139743
              295          0.58737620      0.0135963
              300          0.56392988      0.0123031
              305          0.49675615      0.0123133
              310          0.48094928      0.0129085
              315          0.45513630      0.0112047
              320          0.41580545      0.0114007
              325          0.37978064     0.00972564
              330          0.36732464     0.00992386
              335          0.32004982     0.00966037
              340          0.29771674     0.00854736
              345          0.28913647     0.00859181
              350          0.25889396     0.00878149
              355          0.24895755     0.00901968
              360          0.24478994     0.00856079
              365          0.21422446     0.00763484
              370          0.19978581     0.00709274
              375          0.18611560     0.00805922
              380          0.18076623     0.00661732
              385          0.16853099     0.00627271
              390          0.16014837     0.00721032
              395          0.15605035      0.0105646
              400          0.13154862     0.00555076
              405          0.12510603     0.00528749
              410          0.12029017     0.00551367
              415          0.11417300     0.00499879
              420          0.10923522     0.00478314
              425          0.10960756     0.00543578
              430          0.11091962     0.00513672
              435         0.088161048     0.00472763
              440         0.088019891     0.00451971
              445         0.076241756     0.00432299
              450         0.071699829     0.00466967
              455         0.072684637     0.00434472
              460         0.063903543     0.00549059
              465         0.059994825     0.00364241
              470         0.064361991     0.00422031
              475         0.052776227     0.00373667
              480         0.064845547     0.00488876
              485         0.051835766     0.00326275
              490         0.052633453     0.00403055
              495         0.053426486     0.00313807
              500         0.049739757     0.00315426
              505         0.035432017     0.00305933
              510         0.043055639     0.00364259
              515         0.035517680     0.00320683
              520         0.032328683     0.00372488
              525         0.037237394     0.00380678
              530         0.033541826     0.00263081
              535         0.031813164     0.00306349
              540         0.032348157     0.00259789
              545         0.021343716     0.00287117
              550         0.029945976     0.00228388
              555         0.027554873     0.00314363
              560         0.019435083     0.00233551
              565         0.020466293     0.00218213
              570         0.025122276     0.00227298
              575         0.024190946     0.00258277
              580         0.019184495     0.00179974
              585         0.018299297     0.00185145
              590         0.018124617     0.00197945
              595         0.015777850     0.00206950
              600         0.020505376     0.00195812
              605         0.018391679     0.00279424
              610         0.016086161     0.00168763
              615         0.016813912     0.00161159
              620         0.015622681     0.00189824
              625         0.013297894     0.00186241
              630         0.011859266     0.00149873
              635         0.013136042     0.00167982
              640         0.011765094     0.00178740
              645         0.016010511     0.00178514
              650         0.010403033     0.00141360
              655        0.0092141908     0.00114095
              660        0.0094118189     0.00153393
              665         0.010968365     0.00170863
              670         0.010876153     0.00159493
              675        0.0080337275     0.00178431
              680        0.0068128301     0.00148178
              685         0.010835997     0.00128477
              690        0.0069554699     0.00116912
              695        0.0067683333     0.00133917
              700        0.0073881403     0.00111987
              705        0.0081829311    0.000920989
              710        0.0072028166     0.00103975
              715        0.0065704111     0.00106162
              720        0.0036204302     0.00122286
              725        0.0064438564    0.000933222
              730        0.0079153308     0.00103255
              735        0.0058764002    0.000812569
              740        0.0045694237    0.000870985
              745        0.0066559416    0.000955734
              750        0.0050345442     0.00104085
              755        0.0053892907    0.000835476
              760        0.0059775455    0.000968589
              765        0.0043207894     0.00105827
              770        0.0020253065     0.00100811
              775        0.0038885881    0.000862064
              780        0.0035180011    0.000659552
              785        0.0028948366    0.000589416
              790        0.0037361265    0.000758039
              795        0.0040532001    0.000629143
              800        0.0028849435    0.000594909
              805        0.0032838557    0.000555916
              810        0.0041074443    0.000772087
              815        0.0030691650    0.000565051
              820        0.0030782360    0.000466594
              825        0.0032069937    0.000533092
              830        0.0023325867    0.000456166
              835        0.0029489890    0.000530120
              840        0.0035417637     0.00125088
              845       0.00095036308     0.00121549
              850        0.0023756015    0.000427111
              855        0.0027193997    0.000473468
              860        0.0020842292    0.000417809
              865        0.0023006702    0.000381503
              870        0.0031214894     0.00107610
              875        0.0023670165    0.000373647
              880        0.0019891685    0.000498706
              885        0.0014670926    0.000687450
              890        0.0018641100    0.000410491
              895        0.0019012400    0.000335989
              900        0.0015849045    0.000381874
              905        0.0014269917    0.000366065
              910        0.0011700439    0.000299869
              915        0.0013089543    0.000339183
              920        0.0012098575    0.000289525
              925       0.00087897382    0.000250997
              930        0.0019477632    0.000314058
              935        0.0010042601    0.000260716
              940        0.0011844318    0.000276668
              945        0.0010034608    0.000261447
              950        0.0013565271    0.000342409
              955        0.0015704249    0.000263468
              960        0.0012145792    0.000408352
              965        0.0015169080    0.000395058
              970       0.00078849402    0.000272573
              975        0.0017189391    0.000361516
              980       0.00048935110    0.000350907
              985       0.00078641805    0.000237097
              990       0.00097894165    0.000214985
              995       0.00041655869    0.000306607
