                0           12.359394      0.0424905
                5           38.292459      0.0755035
               10           67.425417      0.0999367
               15           97.433440       0.120250
               20           123.73124       0.137392
               25           140.86178       0.149809
               30           140.93506       0.155677
               35           124.91313       0.149440
               40           109.81723       0.124759
               45           91.572638      0.0955975
               50           70.358039      0.0742965
               55           52.867878      0.0596053
               60           39.966280      0.0492461
               65           30.502848      0.0413477
               70           23.713904      0.0351914
               75           18.579221      0.0304696
               80           14.769602      0.0265337
               85           11.864516      0.0233064
               90           9.6584160      0.0211053
               95           7.9032282      0.0185129
              100           6.5038128      0.0165001
              105           5.3800123      0.0148845
              110           4.5382342      0.0137180
              115           3.8373631      0.0124708
              120           3.2801181      0.0116714
              125           2.7510397      0.0103369
              130           2.3977386     0.00997394
              135           2.0455078     0.00888461
              140           1.7783735     0.00834052
              145           1.5537073     0.00983067
              150           1.3411685     0.00731796
              155           1.1817427     0.00689730
              160           1.0268098     0.00635735
              165          0.91617800     0.00627469
              170          0.81297673     0.00574985
              175          0.71476472     0.00590247
              180          0.63250404     0.00501605
              185          0.57119330     0.00456659
              190          0.50669145     0.00443833
              195          0.45378866     0.00423687
              200          0.40931582     0.00399102
              205          0.36861972     0.00375514
              210          0.32767173     0.00348529
              215          0.30137032     0.00328408
              220          0.27260049     0.00373983
              225          0.24722753     0.00330055
              230          0.22583752     0.00324511
              235          0.20318769     0.00273179
              240          0.18796487     0.00292778
              245          0.17383520     0.00343505
              250          0.15516344     0.00241868
              255          0.14016444     0.00213522
              260          0.13906573     0.00800514
              265          0.12043380     0.00217777
              270          0.11012506     0.00219297
              275         0.099557416     0.00196690
              280         0.096827577     0.00253525
              285         0.086330381     0.00232053
              290         0.083191111     0.00225479
              295         0.072501858     0.00145084
              300         0.070799386     0.00205484
              305         0.067440397     0.00271110
              310         0.059233854     0.00211003
              315         0.053870278     0.00117023
              320         0.056042531     0.00460381
              325         0.053418163     0.00351101
              330         0.050773016     0.00375161
              335         0.040513760     0.00125923
              340         0.037921248     0.00119041
              345         0.040304363     0.00264578
              350         0.034773396     0.00133103
              355         0.032649611     0.00155692
              360         0.030735334     0.00194250
              365         0.026335943    0.000841149
              370         0.026926287     0.00121945
              375         0.029330146     0.00274869
              380         0.025950903     0.00254851
              385         0.019994333    0.000664081
              390         0.020767214    0.000734348
              395         0.019723810     0.00188186
              400         0.021065570     0.00190537
              405         0.018701979     0.00131668
              410         0.015402731    0.000774008
              415         0.014233238    0.000762922
              420         0.012520556    0.000423942
              425         0.015905801     0.00228906
              430         0.012290038    0.000657708
              435         0.012348306    0.000924066
              440         0.010808114    0.000452912
              445         0.010588338    0.000582342
              450        0.0090344173    0.000416354
              455        0.0086319050    0.000418678
              460        0.0091844502    0.000588938
              465         0.010070445     0.00116650
              470        0.0076964577    0.000391927
              475        0.0083193798    0.000652577
              480        0.0085743923     0.00149792
              485        0.0064765028    0.000369786
              490        0.0055519233    0.000260689
              495        0.0051634944    0.000283123
