# dy_bbZ-j1-ptj        central        num_err    min (scale)        num_err    max (scale)        num_err
# 200
             -8              0              0              0              0              0              0
           -7.9    0.012488077    0.012487452   0.0093017488   0.0093012836    0.017146899    0.017146042
           -7.8    0.024976154    0.017659925    0.019097933    0.013743549    0.034075359    0.024775848
           -7.7              0              0              0              0              0              0
           -7.6              0              0              0              0              0              0
           -7.5    0.024976154    0.017659925    0.017234976    0.012206453    0.037606359    0.026642266
           -7.4    -0.01235294    0.041294005   -0.018504292    0.065693455  -0.0081573917    0.027055307
           -7.3    0.012488077    0.012487452   0.0081421304   0.0081417234      0.0198938    0.019892806
           -7.2    0.062440385    0.027922793    0.042314467    0.019050627    0.096777744    0.043668282
           -7.1    0.024976154    0.024974905    0.018356121    0.017696575    0.035754532    0.036548891
             -7    0.092630527     0.04475387    0.061083306    0.029776586     0.14690334    0.070301565
           -6.9     0.11239269    0.037462357    0.075572655    0.025242123     0.17523943    0.058542755
           -6.8     0.11239269    0.041416194    0.077902385    0.028401614     0.16900414    0.063394057
           -6.7     0.21229731    0.054431543     0.17107472    0.039789632     0.26741049      0.1062678
           -6.6     0.15067505    0.053084957     0.11077425    0.036913999     0.21253259    0.080721468
           -6.5     0.13736885    0.054431543     0.10845317    0.036734496     0.17745055    0.087745578
           -6.4     0.29971385    0.068396594     0.21743911    0.048299373     0.42592623     0.10155145
           -6.3     0.35342228    0.066888954     0.24595548    0.046834501     0.53141399     0.10148865
           -6.2     0.48951163    0.078418785     0.35050302     0.05643992     0.70922766     0.11460951
           -6.1     0.46205885    0.081885702     0.33381685     0.05831747     0.66610747     0.12221261
             -6     0.59942769     0.09176383     0.41909794    0.063286807     0.89983847     0.14171571
           -5.9     0.79923692     0.10144854     0.57846296    0.073338016      1.1459272     0.14868324
           -5.8     0.76177269     0.10814451     0.56551617    0.075225617      1.0590582      0.1710411
           -5.7     0.98246746     0.12093932      0.7396849    0.088850017      1.3411237     0.17345224
           -5.6      1.3179403     0.20449314     0.98714562     0.14343518      1.8112254     0.30828018
           -5.5      1.3543575     0.13855335     0.98232114    0.099358718      1.9430022     0.20475399
           -5.4      1.5610096     0.14616156      1.1724675     0.10792807      2.1408941     0.21108513
           -5.3      2.6929025      0.2362034        1.99791     0.16713845      3.7535728     0.35258647
           -5.2      2.0847397      0.1758561      1.5887966     0.12889461       2.809635     0.25666812
           -5.1      2.8711722     0.20257248      2.1559049     0.15002555      3.9415308      0.2910941
             -5       3.394659     0.21594166      2.5616709      0.1603588      4.6345257     0.33024071
           -4.9      3.9439166     0.23204148      2.9132017     0.16902196       5.534704     0.33914177
           -4.8      3.8695738     0.23620628      2.9304659     0.17488868       5.251559     0.34154274
           -4.7      4.9021948     0.26549255      3.6975955     0.19676479        6.68843     0.38438243
           -4.6      6.3524451     0.30262373      4.7059587     0.22034052      8.8639065     0.44165727
           -4.5      6.4910162      0.3161623      4.7926647     0.22801434      9.0936695      0.4645007
           -4.4      7.0665104     0.34054157      5.3680982     0.25423314      9.5629522     0.50131512
           -4.3      7.7084566     0.34852196      5.7707885     0.25279238      10.607084     0.51145447
           -4.2      9.1396971     0.36192397      6.8609577     0.26654965      12.534581     0.52292951
           -4.1       11.04106     0.39050404      8.3558076     0.29106707      15.008051     0.56427926
             -4      12.011588     0.43005757      9.0506584     0.31364539      16.404365     0.63134385
           -3.9      14.111375     0.44280238      10.673284     0.32936623      19.192757     0.64162463
           -3.8      15.796872     0.46336005      11.933071     0.34797086      21.460783     0.67027134
           -3.7      16.947456     0.51787816      12.784547     0.37909553      23.098692     0.75135412
           -3.6      19.716789     0.55199008      15.099033      0.4824042      26.399539     0.96189142
           -3.5      22.633675     0.55760594      17.199017     0.41798717      30.567245     0.79708162
           -3.4      24.485536     0.60546528      18.556644     0.44930895      33.196209     0.87563823
           -3.3      27.580707     0.64067214      20.885816     0.47313013       37.42378     0.93405204
           -3.2      30.052703     0.67507006      22.863471     0.50106017      40.512166      0.9731874
           -3.1      33.053878     0.68775991      25.279607     0.51687626      44.263033     0.99402865
             -3      38.913443     0.88587013      29.755984      0.6566675      52.081281      1.3317378
           -2.9      42.410715      1.5932874      32.015708      1.1066652      57.715373      2.3957019
           -2.8      44.654117     0.81746016      34.061459     0.61376282      59.980215      1.1810962
           -2.7      48.736015     0.93581233      36.905138     0.67802758      66.092895      1.3770263
           -2.6      51.886561     0.88925662      39.549528     0.66389575      69.749972      1.3102947
           -2.5      56.616995      1.0923457      43.218836     0.78925465      75.949126      1.6173685
           -2.4      59.602994     0.91889686      45.380046     0.68750483      80.273315      1.3134743
           -2.3      67.514682      1.1291354      51.524152     0.82697301      90.636432      1.6489059
           -2.2      73.203787      1.5777654      55.904081      1.1141531      98.171567      2.3605227
           -2.1       75.27346      1.0513682      57.379979     0.78419222       101.1913      1.5091366
             -2      82.243915      1.0936594      62.999554     0.82196555      109.81947      1.5672136
           -1.9      87.473827      1.1261435      67.077653     0.85124207      116.66044      1.6210446
           -1.8      94.699035      1.5754114      72.328505      1.1081172      126.96854      2.4014802
           -1.7      99.496539      1.2185542      76.307697     0.90955321       132.6981      1.7510202
           -1.6      101.63979      1.2324184      78.315868      0.9312308      134.69176      1.7760046
           -1.5      108.51045      1.4414365       83.09785      1.0517648      144.92594       2.106679
           -1.4       111.9026      1.2595242      85.832502     0.94988672      149.20095      1.7921519
           -1.3      118.31769      1.3131808       90.72346     0.99054781      157.78377      1.8689042
           -1.2      123.10935      1.3339729      95.196194      1.0493774      162.45234      1.9998108
           -1.1       123.2846      1.3623291       95.00214      1.0302407      163.36121      1.9605537
             -1      128.01883      1.3371537      98.817257      1.0150262      169.26848      1.8894458
           -0.9        134.315      1.3762509      103.67154       1.042617      177.60377      1.9439707
           -0.8       135.3984      1.3999922      104.52698      1.0608254      178.98832      2.0128654
           -0.7      141.79158      1.3956388      109.50842      1.0642991      187.32724      1.9696165
           -0.6      143.17334      1.4372482      110.90743      1.0931798      188.41805      2.0590121
           -0.5      145.69954      1.4287762      112.59323      1.0879765      192.34928      2.0068432
           -0.4      143.21167      1.4239448      110.94293       1.121058      188.42873      2.1303665
           -0.3      144.10643      1.4202762      111.37105      1.0826049      190.26835      2.0073575
           -0.2      143.16073      1.4303648      110.86724      1.0849437      188.49228      2.0280967
           -0.1       143.0524      1.4398762       110.6466      1.0954969      188.62051      2.0408429
              0      142.66387      1.4305024      110.05284      1.0805147      188.82269      2.0151832
            0.1      143.42166      1.4225339      110.73557      1.0796642      189.55998      2.0232042
            0.2      144.27041      1.5659886       111.4354      1.1663482       190.5691      2.2634792
            0.3      146.55418      1.4459295       113.6384      1.1028412      192.60078      2.0674516
            0.4      144.69296      1.5283915      111.50967      1.1391777      191.74947       2.205273
            0.5      145.28535      1.4362551      112.26947      1.0965301      191.82679      2.0390808
            0.6      141.69949      1.4605918      109.19364       1.099256      187.80301       2.084252
            0.7      138.33529      1.3960452      107.04666      1.0634459      182.31682      1.9720589
            0.8      133.66512      1.4272061      102.57962      1.0644566      178.07317        2.04981
            0.9      131.39248       1.371285      101.37323      1.0378467      173.81788       1.959038
              1       123.6084      1.3428531      95.639676      1.0195241      162.89158      1.9315409
            1.1      122.58526      1.3256874      94.346853      1.0056807      162.68511       1.893743
            1.2      119.72979       1.356137      92.621512      1.0279753      157.80318      1.9508772
            1.3      111.64143      1.2774791      85.885939     0.97988705      148.28736      1.8809329
            1.4      107.48004      1.2679983      82.629514     0.94842666      142.86548      1.8160015
            1.5      101.44546      1.2154234      77.874124     0.91296231      135.09715      1.7301376
            1.6       96.49212      1.1866309      74.077152     0.89343943      128.53354      1.6827922
            1.7      92.627567      1.1970731      71.051105     0.89591719      123.48165      1.7475128
            1.8      87.734181      1.1179561      67.266123     0.84016169      117.05677      1.5930398
            1.9       83.82378      1.1283429      64.295336     0.85693339      111.75262      1.6849229
              2      78.287362      1.1060161      59.804147     0.82011204      104.97326      1.5969894
            2.1      70.852755      1.0228436      53.979895     0.76176934      95.299311      1.4624724
            2.2      66.510141      1.0433599      50.525514     0.77120812      89.815103        1.49899
            2.3      63.153582      1.0579414      48.269511      0.7780584      84.566007      1.5346313
            2.4      57.960642      1.0166769      44.154972     0.75038696      78.034335      1.4652724
            2.5      51.710053     0.88095061      39.559277     0.67689281        69.1755       1.335807
            2.6      47.568098     0.83884387      36.436866     0.63503453      63.569716      1.2297298
            2.7      44.108846     0.99041626      33.417218      0.7035024      59.767289      1.5057703
            2.8      40.560208      0.7685171      31.005578     0.57745811      54.342758      1.1023102
            2.9      35.825971     0.87352437      27.008286     0.62555714      48.864917      1.2931584
              3      33.163651     0.72661585      25.155013     0.53991929      44.886991      1.0804247
            3.1      31.038333     0.81506873      23.444152     0.58562709      42.220982      1.2066287
            3.2      27.049806     0.61317588      20.391963     0.45575951      36.885936      0.8734483
            3.3      24.192128     0.60717759      18.216692     0.44526632      33.039784     0.88018881
            3.4      22.854145     0.59101548      17.200669     0.43530872      31.252211     0.85639766
            3.5       19.28211      1.2834641      14.653498     0.89783298      26.053723      1.9177815
            3.6      17.443349      0.4995349      13.315847     0.37457543       23.44961     0.73093324
            3.7      16.172418     0.58583956      12.067903     0.41036839      22.358329     0.89365496
            3.8      13.148018     0.56136334      9.8995866     0.38988202      17.976198     0.86300838
            3.9      13.003587     0.61046249      9.7859802     0.41944546      17.788443     0.94513327
              4        11.1709     0.41961497      8.4398295     0.30951414      15.189289     0.60755547
            4.1      9.9896319     0.53769153      7.4975867     0.38031212      13.713533     0.79862797
            4.2      8.5507533     0.34366349      6.4799066     0.25649145      11.601035     0.49338879
            4.3      8.3843491     0.80957286       6.234152     0.54592894      11.643095      1.2553956
            4.4      6.3361745     0.29724468      4.6728095     0.21648185      8.8852633     0.42980811
            4.5      5.5938305     0.27636423       4.202097     0.20719775      7.6750892     0.40231387
            4.6      4.6111865     0.24822757      3.4650382     0.18449154      6.3311027     0.35588333
            4.7      4.0038374     0.23607856      3.0117942     0.17427611      5.4868076     0.33915169
            4.8      3.6497359     0.22505503      2.7268725     0.16591729      5.0441145     0.32355744
            4.9      3.0436943     0.20962274      2.2758839     0.15288585      4.2029818     0.30490285
              5      2.7348888     0.18896912       2.047249      0.1421458      3.7751874     0.26701304
            5.1      2.8424288     0.19683915      2.1266887     0.14612613      3.9157399     0.28432649
            5.2      1.6672821     0.15391003      1.2650909     0.11557947      2.2543564     0.22096002
            5.3      1.6033568     0.14612695      1.1836859     0.10765152         2.2522      0.2115345
            5.4       1.361678     0.13857901     0.99341336     0.10023222      1.9447065      0.2047353
            5.5      1.1619508     0.13161777     0.86131702    0.094583713      1.6249663     0.19429139
            5.6        0.97407     0.12235155     0.73865437    0.089737568      1.3206341     0.17775244
            5.7     0.94803025     0.12074485     0.70283275    0.086388137      1.3269641     0.18072701
            5.8     0.82912596      0.1036845     0.61206296    0.076933309      1.1587685     0.14732933
            5.9     0.67901498    0.092512808     0.49321654    0.067723065     0.97212592     0.13410472
              6     0.28722577    0.085609661     0.23501558    0.058260706     0.35362702     0.13820463
            6.1     0.26224962    0.064886706     0.19950175    0.048735725     0.35368553    0.099160598
            6.2     0.31220192    0.062437262      0.2344849     0.04724766      0.4288814    0.086846091
            6.3     0.33717808    0.064886466     0.23502162    0.045396425     0.50433322    0.097492673
            6.4     0.19980923     0.04994981     0.14242925    0.035813454     0.29133704    0.073485017
            6.5     0.18732115    0.057224696     0.13833959    0.040216132     0.26173673     0.08638001
            6.6     0.12488077    0.046723769    0.093395548    0.033595478     0.17224134    0.069038464
            6.7    0.099460737    0.039631389    0.078749125    0.030315577     0.12660986     0.05468713
            6.8       0.162345     0.04502415     0.12312273    0.034534194     0.21816471     0.06167404
            6.9    0.037464231    0.027922793     0.02752814    0.019434191    0.052210174    0.041671567
              7    0.087416539    0.033038694    0.070879491    0.027644033     0.10795778    0.043468271
            7.1    0.087416539    0.033038694    0.061811764    0.023487467     0.12836026    0.048846809
            7.2    0.037464231    0.021628902    0.023828934    0.013818452    0.062249603    0.036202361
            7.3    0.037464231    0.021628902    0.023279809    0.013521008    0.064416853    0.037519509
            7.4    0.024976154    0.024974905    0.017559618    0.016723382    0.036795864    0.039059161
            7.5    0.012488077    0.012487452    0.010219714    0.010219203    0.015110334    0.015109578
            7.6              0              0              0              0              0              0
            7.7    0.034642927    0.025430783    0.022550398    0.016603058    0.055507472    0.040620228
            7.8    0.024976154    0.024974905      0.0164655     0.01588515    0.039779651    0.040875597
            7.9              0              0              0              0              0              0
              8              0              0              0              0              0              0
