#  pt_bb-ptj200        central        num_err    min (scale)        num_err    max (scale)        num_err
              0      2.4391603    0.038400829      1.8537764    0.027311735      3.2979424    0.057309325
              5      5.7915329    0.041818485      4.4058426    0.031110616      7.8175998    0.061175654
             10      7.1844601    0.047303816      5.4587183    0.035146386       9.713655    0.069490669
             15      7.1406449    0.047341228      5.4295069    0.035127585      9.6455562    0.069494644
             20      6.7924852    0.046965342      5.1670143    0.034728243      9.1688647    0.068771124
             25      6.1608467    0.045241752      4.6855904    0.033326332      8.3153684    0.065976486
             30      5.6318864    0.040110397      4.2817549    0.029996925      7.6069324    0.057655478
             35      5.0926352    0.040457502      3.8698136    0.029990293      6.8801438    0.058552587
             40      4.6693962    0.043161669      3.5557343    0.032081932      6.2896557    0.063713446
             45      4.1747546    0.034262051      3.1815083    0.025796281      5.6191732    0.049439875
             50      3.8638556    0.034187625      2.9308936    0.025425532      5.2282255    0.048980493
             55      3.5117669    0.032379321       2.669127    0.024164454      4.7411397     0.04630248
             60      3.2367004     0.02996061      2.4603384    0.022481432      4.3682374    0.042669147
             65      3.0226663    0.029427586      2.3053633    0.022031383       4.062732    0.042120358
             70      2.8301335    0.029670513      2.1600353    0.022092284      3.8003581    0.042773125
             75      2.6412857    0.035899814      2.0116925    0.025809594      3.5559388     0.05304089
             80      2.4457028    0.027592646      1.8631543    0.020621013       3.290036    0.040106766
             85      2.3000346    0.025796954       1.751446     0.01932849      3.0963341    0.036701572
             90      2.1829829     0.02631085      1.6645252    0.019573657      2.9333182     0.03769544
             95      2.0131464    0.024516519      1.5446186    0.018529147      2.6829082    0.035022752
            100      1.9191445    0.024547444      1.4617143    0.018224696      2.5815042    0.035029965
            105       1.802694    0.022589099      1.3825487    0.017036578      2.4029818    0.031861908
            110      1.6960183    0.021737679      1.2960296    0.016381289      2.2717992    0.030643458
            115      1.6620744    0.021317905       1.278244    0.016193455      2.2074952    0.029983285
            120      1.5900824    0.022023541      1.2216185    0.016551498      2.1146536    0.031761541
            125      1.5457795      0.0214268      1.1834379    0.016052251      2.0649566    0.030255308
            130      1.4906162    0.021104502      1.1451692    0.015891078      1.9824828    0.029852116
            135      1.3847188    0.019931321      1.0651555    0.015056337      1.8381319    0.028107425
            140      1.3301099    0.020042379      1.0272444    0.015081891      1.7559721    0.028574722
            145       1.287871    0.018840964     0.99440027    0.014448866      1.7006696    0.026619966
            150      1.2673493    0.018973769     0.98037467    0.014430314      1.6693245    0.026942724
            155        1.21254     0.02048732     0.94691705    0.016329158      1.5768536    0.032633987
            160      1.1451969    0.017861409     0.88429124    0.013551253      1.5128709    0.025065827
            165      1.1215533    0.018352775     0.87079571     0.01397826      1.4702665    0.026250321
            170      1.1099763    0.024214916     0.86064727      0.0169848      1.4581741    0.037592774
            175      1.0580504    0.017337952      0.8238542    0.013353643      1.3810574    0.024453174
            180      1.0475121    0.017709399     0.81536707    0.013433567      1.3675879    0.024819096
            185      1.0104068    0.017438358     0.79401088    0.013470616      1.3032337    0.024921727
            190      0.9544456    0.016581865     0.74237378    0.012605252      1.2477368     0.02316637
            195     0.92721335    0.016311509     0.72317087    0.012572656       1.207568    0.023490825
            200     0.93345256    0.017066085     0.72785748    0.012911783      1.2161961    0.023923299
            205     0.90766549    0.016271073     0.70661824    0.012372712      1.1845508    0.022742943
            210     0.86285649    0.015753206     0.67122244    0.011983198      1.1271177    0.022004699
            215     0.86300247    0.015675843     0.67664389    0.012097368      1.1158176     0.02234937
            220     0.78436911    0.014984854     0.62022327    0.011609441      1.0022271    0.020966429
            225     0.76402589    0.015058132     0.59967413    0.011485861     0.98608988    0.021141497
            230     0.77183382    0.017993986     0.60142454    0.013147022      1.0065159     0.02630594
            235      0.7425124    0.014762869     0.58334945    0.011394579     0.95703546    0.020886586
            240     0.69634381    0.014112119     0.55354891    0.012044906     0.88354473    0.022344291
            245     0.70915384     0.01458319     0.55669478    0.011111099     0.91481623    0.020442495
            250     0.64297078    0.013647582     0.50420187    0.010436771     0.83056255    0.019224593
            255     0.61541725    0.013608064      0.4878427    0.010509703     0.78337093    0.019132543
            260     0.61490344    0.013791345     0.48522086    0.010549806     0.78733225    0.019384593
            265     0.58992461    0.013116362     0.47100749    0.010701013     0.74310448    0.020178882
            270     0.54791476    0.012867213     0.43338005   0.0098196219     0.69936231    0.017984704
            275     0.53453478    0.014082194     0.42273778    0.010518279     0.68255586    0.020420421
            280     0.51303443    0.012635222     0.40113132   0.0095576461     0.66521612    0.018213529
            285     0.47310168    0.012062686     0.37675248   0.0093242642     0.59811069    0.017212156
            290     0.45709202      0.0122274     0.36488043   0.0092993443     0.57580531     0.01736594
            295     0.46561306    0.011723895     0.36519461   0.0089319865     0.60103844    0.016331975
            300     0.43080326    0.011713077     0.33769649   0.0088302308     0.55641435    0.016556827
            305     0.40486028    0.010995462     0.32359501   0.0085281323     0.50939678       0.015721
            310     0.36639331    0.010894794     0.29279872   0.0083360962     0.46035908    0.015508821
            315     0.37973715     0.01181008     0.30220351   0.0088969309     0.48017729    0.016981909
            320     0.34917159    0.010207579     0.27911927   0.0078990349     0.43858512    0.014766489
            325     0.32855739    0.010189129     0.25745476   0.0076776296     0.42438943    0.014337832
            330     0.31304277    0.010180299     0.25075186   0.0080521007     0.39205835    0.015760592
            335      0.2935406   0.0096780673     0.23257405    0.007290557     0.37342106    0.013609066
            340      0.3028011    0.010052622     0.24130828   0.0076215411     0.38198934    0.014186935
            345     0.26790072   0.0092140907     0.21139812   0.0069508137      0.3425755    0.013133924
            350     0.27065306   0.0091605973     0.21307907    0.006912402     0.34745249    0.013029704
            355     0.25964409   0.0095721082     0.20687032   0.0071940404     0.32748343    0.013560291
            360     0.23769018   0.0092595175     0.18864041   0.0070098095     0.30150829     0.01317515
            365     0.21843895   0.0080816002     0.17347973   0.0062539285     0.27700458    0.011213146
            370     0.21990718   0.0088184442     0.17414881   0.0065863626     0.27977755     0.01259489
            375     0.20249354   0.0081539705     0.16306884   0.0062856713     0.25155494    0.011617476
            380     0.20369364   0.0079279888     0.16348965   0.0062206599     0.25376775    0.011367052
            385     0.19118126   0.0075236554     0.15012873   0.0057374338     0.24606184    0.010594407
            390     0.16792458   0.0070872479     0.13338864   0.0054166907     0.21258402   0.0099251245
            395      0.1710584   0.0072292962     0.13786309   0.0057053424     0.21227546    0.010467741
            400     0.17407519   0.0073782295     0.13671634    0.005605189     0.22382991    0.010475901
            405     0.15526812   0.0070795381     0.12574937    0.006194382     0.19079512    0.013050692
            410     0.14799508   0.0068648379     0.11546924   0.0051045311       0.192028   0.0097935063
            415     0.14750598   0.0070959981     0.11534285   0.0053100119      0.1908726    0.010172018
            420     0.13696683   0.0063337753     0.10801179   0.0047878858     0.17515176   0.0090899295
            425     0.12537457   0.0064106589    0.098210614   0.0047620376     0.16174941   0.0091415281
            430     0.11501097   0.0062411732    0.092687939   0.0047816584      0.1425048   0.0090769683
            435      0.1273208    0.012744801     0.09830807   0.0086762108     0.16757199    0.019661496
            440    0.099874713   0.0055984072    0.079306795   0.0042599394     0.12650262   0.0078402986
            445     0.10905953   0.0067445885    0.085435468   0.0049213902     0.14063718   0.0099793414
            450      0.1016809   0.0062389602    0.081805122   0.0046654523     0.12629297   0.0089741063
            455     0.10362222    0.012696786    0.084022777   0.0088036628      0.1270085    0.019566117
            460    0.095958401   0.0055053322    0.074867599   0.0041421813     0.12437532   0.0077239419
            465    0.090239717   0.0054072076    0.071977272   0.0040635069     0.11354178   0.0076307131
            470    0.085900957   0.0050816186    0.068011453   0.0039576939     0.10927742   0.0071928356
            475    0.080748944   0.0049474439    0.063718328   0.0037661891     0.10309614   0.0068250867
            480    0.074844925   0.0046885362      0.0596575   0.0035618962    0.094315846   0.0068860649
            485    0.078266019   0.0080777741    0.061818759   0.0056703608    0.099691915     0.01229364
            490    0.067803545   0.0044664333    0.054327469   0.0034572223    0.084586969   0.0064004499
            495    0.067100117   0.0046168254     0.05344082   0.0034661412    0.084404752   0.0065982417
            500    0.064991659   0.0046577948     0.05056021   0.0034506985    0.084554922   0.0066843761
            505    0.058046406   0.0043294375    0.045087714   0.0032249242    0.075833285   0.0061211104
            510    0.060279131   0.0047647805    0.047004598   0.0034983803    0.078221368   0.0068338236
            515    0.050525159   0.0041816838    0.041218255   0.0031500454     0.06125572   0.0061594589
            520    0.052475302   0.0040811073     0.04237086   0.0031312564    0.064697812   0.0057201641
            525    0.051546361   0.0038564923    0.040049727   0.0028908663    0.067183631   0.0054430624
            530    0.044553267   0.0036952066    0.035837903   0.0028104522    0.055176719   0.0052336403
            535    0.045517833   0.0039307542    0.035733017   0.0029063837    0.058467663   0.0056947751
            540    0.042963506   0.0036451926    0.033684909   0.0027580033    0.055308996    0.005111973
            545    0.051817268   0.0046201087    0.040320993   0.0033277419     0.06742613   0.0069915537
            550    0.045805248     0.00481038    0.035683203   0.0034517396    0.059348873   0.0072252845
            555     0.03745279   0.0034922175    0.030852599   0.0026764552    0.044663117   0.0050259713
            560    0.035368561   0.0035197858    0.026908483   0.0025469612    0.047376706   0.0051144689
            565    0.034754456   0.0039082054    0.028740063   0.0029197036    0.041290012   0.0057677596
            570     0.03193174   0.0033545054    0.025987688   0.0025255216    0.038959879   0.0049561287
            575    0.028373527   0.0032031723    0.023227794   0.0023770894    0.034101882   0.0048084734
            580    0.031521279   0.0035737239     0.02553925   0.0026491323    0.038635329   0.0051894626
            585    0.031183054   0.0031203045    0.024316988   0.0023232378    0.040359728   0.0044825346
            590    0.028582411   0.0029839513    0.022200992   0.0022193156     0.03715413    0.004223393
            595    0.027750017   0.0030347122    0.022103707   0.0022558248     0.03490442   0.0043680999
            600    0.024626481   0.0029237653    0.019842849   0.0021566577    0.030421679   0.0043487381
            605    0.025183429   0.0029495185     0.01963663   0.0021457954     0.03258861   0.0042924416
            610    0.026147028   0.0029740137    0.021319226   0.0021869801    0.031634506   0.0044232176
            615    0.023960376    0.003568762    0.018726315   0.0025234595    0.030953957   0.0054055015
            620    0.021520408   0.0025672813    0.016903765   0.0019161045    0.027601094   0.0037870347
            625    0.021618812   0.0025886505    0.016913564   0.0019673671    0.027766636   0.0035959511
            630    0.020146583   0.0026700482    0.015550913   0.0019218715    0.026464184   0.0039286991
            635    0.018951746   0.0024465362    0.015350938   0.0021196308    0.023210964   0.0039592956
            640    0.019978449   0.0025460956    0.015501978   0.0018616562    0.026081513   0.0036821254
            645    0.020563556   0.0027742117    0.016177176   0.0020602012    0.026285399   0.0039444961
            650    0.019287129   0.0025198667    0.014817196   0.0018633675    0.025500808   0.0035800781
            655    0.016473864   0.0024692585    0.012980795   0.0017958158     0.02098372   0.0035927176
            660    0.013286767   0.0021106464    0.010716204   0.0015762858    0.016352992   0.0030307281
            665    0.013262767   0.0022148741    0.010391428   0.0016098368    0.017054149   0.0032433459
            670    0.011259892   0.0020691024   0.0088589316   0.0014908242     0.01439256   0.0030244651
            675    0.013072153   0.0021882215    0.011689749   0.0016921826    0.013633933   0.0031765931
            680    0.012403015     0.00207079   0.0099235853   0.0015265429    0.015482913   0.0030449596
            685    0.014637609    0.002171242    0.011983288     0.00165698    0.017669766   0.0030502008
            690    0.012065037   0.0019458744   0.0094670207   0.0014549861    0.015442296   0.0027651775
            695    0.014214735   0.0026671548    0.010813253   0.0018566818    0.019030359   0.0040380722
            700    0.013927205   0.0042727826    0.010288172   0.0029159021    0.019309482   0.0065035199
            705    0.011988554   0.0020289678   0.0097484706   0.0015566726    0.014606137   0.0029891616
            710    0.011239269   0.0018521885   0.0086898315   0.0013848761    0.014696331   0.0025854395
            715   0.0088259654   0.0016144859   0.0068106709   0.0012012152    0.011564833   0.0022685051
            720    0.010522875   0.0019751359   0.0086576153   0.0014628846    0.012575204   0.0028618507
            725    0.012405533    0.001882042   0.0095597647   0.0014070721    0.016300896   0.0026676201
            730   0.0093532913   0.0017121393   0.0070626772   0.0012477238    0.012616687   0.0024592376
            735   0.0097406999   0.0017835649   0.0076508363   0.0013213635    0.012438289   0.0025166065
            740    0.010192426    0.001836437   0.0083900159   0.0014134606    0.012160402   0.0025590973
            745   0.0092678604   0.0015641766   0.0071882608   0.0012178452     0.01205239   0.0021298035
            750   0.0082458318   0.0017487759   0.0069276058   0.0013387803   0.0094825946    0.002421822
            755   0.0097555743   0.0017073686   0.0072832305   0.0012374361    0.013337513   0.0024655178
            760   0.0066621115   0.0015676092   0.0051912814   0.0011258524   0.0085970619   0.0023527139
            765   0.0080702833   0.0015540979   0.0061585056    0.001147457     0.01074275   0.0022517242
            770   0.0068036823   0.0014025887   0.0057872115   0.0011779533   0.0077325278   0.0019535199
            775      0.0032469   0.0010886309   0.0026742003  0.00081934272   0.0038632624   0.0015103698
            780   0.0089914153   0.0015795517   0.0070971638   0.0012231823    0.011389158   0.0021823294
            785    0.006993323   0.0014984943   0.0055187027   0.0010984298   0.0089174816   0.0021864874
            790   0.0052449923    0.001434699   0.0042012909   0.0010121637   0.0064881272    0.002164508
            795   0.0057445153   0.0013449398   0.0044523307  0.00098874687    0.007475822   0.0019148101
            800   0.0042584103   0.0011472782   0.0031174817  0.00081328612   0.0059730492   0.0016958258
            805   0.0027466582   0.0010883013   0.0022429126  0.00079747038       0.003336   0.0015695244
            810   0.0040132084   0.0013280753   0.0035213355    0.000944365   0.0043530684   0.0019901536
            815   0.0034966615   0.0012734753   0.0029566295  0.00095986612   0.0039893735   0.0018490006
            820   0.0042459461   0.0011444939   0.0033430334  0.00087315761   0.0053798792   0.0015636128
            825    0.006174881   0.0016995369   0.0044772782   0.0011634958   0.0087755929   0.0026472077
            830   0.0039961846   0.0012734753   0.0033207377  0.00093419967   0.0046876579   0.0018993526
            835   0.0042459461   0.0011444939   0.0032343721  0.00086409713   0.0056752788   0.0016301091
            840   0.0042459461   0.0011444939   0.0032536661  0.00083814146    0.005612795    0.001639488
            845   0.0034966615   0.0011169117   0.0027407313  0.00081788549   0.0044652528   0.0016366752
            850   0.0039961846   0.0011169117   0.0031507218  0.00082725696   0.0050224356   0.0016249728
            855   0.0034966615   0.0011169117   0.0028501749  0.00085461225   0.0042342257   0.0015343994
            860   0.0029342131  0.00090241033   0.0022198156  0.00067605292   0.0039377997   0.0012455771
            865      0.0032469   0.0009672739   0.0024354086    0.000690212   0.0043968585    0.001428631
            870   0.0031237775  0.00097597791   0.0023881208  0.00072276877   0.0041294627   0.0013903549
            875   0.0022478538  0.00074924714   0.0017385692   0.0005848666   0.0029612273   0.0010006546
            880  0.00099904614  0.00070639698  0.00088700794  0.00099085381   0.0010244006  0.00078421823
            885   0.0025678411    0.001035894   0.0020522226  0.00076654628   0.0031660605   0.0014998328
            890   0.0038777744   0.0011801374   0.0030703046  0.00082224494   0.0048685978   0.0018450026
            895   0.0034966615  0.00099899618   0.0028902703  0.00081166888   0.0041068998   0.0013003857
            900    0.003031415   0.0010165671   0.0022033132  0.00071280028   0.0042855962   0.0015171198
            905   0.0027517012   0.0012522072   0.0019732464  0.00085718226   0.0039462384   0.0019083846
            910   0.0034966615  0.00099899618   0.0026865246  0.00075374804   0.0046213354   0.0013864913
            915   0.0038018634  0.00098304786   0.0029602735  0.00077865562   0.0048943059   0.0013267473
            920   0.0014985692  0.00061175773   0.0012128776  0.00050388884   0.0018503021  0.00078356985
            925   0.0016744166  0.00093126005   0.0013031924   0.0006308532    0.002159345   0.0014448657
            930   0.0014985692  0.00086515607   0.0012826518  0.00062309422   0.0016647059   0.0012807652
            935   0.0029971384  0.00093447536   0.0022964515  0.00069808256   0.0039634785    0.001297342
            940   0.0019980923  0.00078977583   0.0015698315  0.00060090449   0.0025605851   0.0010873483
            945  0.00049952307  0.00049949809  0.00034729411  0.00033245066  0.00074971701  0.00078230576
            950   0.0012863466  0.00068958722  0.00088244832  0.00046453865   0.0019523561   0.0010800401
            955   0.0028507473   0.0014840655   0.0020042225  0.00096682154    0.004233698   0.0024041419
            960  0.00074928461  0.00074924714  0.00066352304  0.00050864402  0.00079226075   0.0010305502
            965   0.0014985692  0.00061175773   0.0011243688  0.00046230658   0.0020263911  0.00083844642
            970  0.00074928461  0.00066077387  0.00025231284  0.00089189889  0.00088911921  0.00060665112
            975   0.0027473769  0.00082832388   0.0020719873  0.00062700885   0.0037166232   0.0011270506
            980   0.0022478538  0.00074924714   0.0017284769  0.00058057307   0.0029529412  0.00099854833
            985   0.0014985692  0.00061175773   0.0010540795  0.00043125365   0.0021938505  0.00089828002
            990   0.0019980923  0.00078977583   0.0015809603  0.00060474928   0.0025237965   0.0010596638
            995   0.0014985692  0.00070639698    0.001147008  0.00051325529   0.0019937742   0.0010169711
           1000   0.0014985692  0.00070639698    0.001147008  0.00051325529   0.0019937742   0.0010169711
