#   y_j1-ptj120        central        num_err    min (scale)        num_err    max (scale)        num_err
             -5              0              0              0              0              0              0
           -4.9              0              0              0              0              0              0
           -4.8              0              0              0              0              0              0
           -4.7              0              0              0              0              0              0
           -4.6              0              0              0              0              0              0
           -4.5              0              0              0              0              0              0
           -4.4    0.037464231    0.027922793    0.030088077    0.022487129    0.047467089    0.035382532
           -4.3     0.14985692     0.04994981     0.12327822    0.039432102     0.18295453    0.065278095
           -4.2     0.61191577    0.089178248     0.47318569    0.068582098     0.80800668     0.12185179
           -4.1      1.2675803     0.13694104     0.99627885     0.10235495      1.6495498     0.20080976
             -4      2.3852227     0.18139038      1.8301552     0.13625482      3.1997458     0.25897112
           -3.9      4.2584342     0.23922348      3.3030283     0.18324113      5.6012671     0.32954959
           -3.8      7.7993117     0.32352406      6.0430607     0.24678452      10.291046     0.45356478
           -3.7       11.59455     0.39656054      8.9461682     0.30245069      15.361547     0.56169231
           -3.6      17.578195     0.48586525      13.545484     0.36930813      23.317591     0.68609949
           -3.5       24.95329     0.58877442      19.344365     0.44764461      32.822902     0.82952292
           -3.4      34.714939     0.69769339      27.132444     0.53878254      45.178256      1.0030196
           -3.3      45.675802     0.79514374      35.667398     0.61159639      59.582149      1.1378943
           -3.2      60.059172     0.91255451      46.880737     0.69756703      78.315662      1.2821856
           -3.1      76.921099      1.0400543      60.219833     0.79673172      100.02293      1.4773456
             -3       94.59102      1.1558455      73.820995     0.89019974      123.47197      1.6421151
           -2.9      115.39002      1.2699487      90.122579      0.9754142      150.53397      1.7891308
           -2.8      134.21111      1.4061555      104.90808      1.0698563      174.92591      1.9939422
           -2.7       158.6703      1.4826199       124.5416      1.1520636      205.74978      2.1132976
           -2.6      181.64946      1.6514888      142.71282      1.2780123      235.26844       2.392606
           -2.5      206.12453      1.6877551      161.69438      1.3030637      267.66924      2.3630937
           -2.4      229.16113      1.7853495      179.80904      1.3740725      297.37716      2.4921547
           -2.3      253.55802       1.872207      199.15644      1.4619685      328.69935      2.6771847
           -2.2      277.23547      1.9694576      217.18861      1.5244873      360.68502      2.7806681
           -2.1      302.59846      2.0824768      237.02507      1.5974884      393.67724      2.9001012
             -2      321.24223      2.1184014      252.04309      1.6497798      417.13247       2.996534
           -1.9      347.60833      2.1953766      272.68091      1.6913449       451.3855      3.0506636
           -1.8      367.55926       2.647451      288.24009       1.979889      477.59743      3.7949313
           -1.7      385.10926      2.4071544      301.78089      1.8385268      500.83441      3.3971072
           -1.6      404.84013      2.3874026      317.10598      1.8435401      526.76497      3.3324641
           -1.5      425.27702      2.4620129      332.79052      1.8926779      554.09228       3.418113
           -1.4       437.7378      2.4737683      342.50699      1.9164861      570.31381      3.4809483
           -1.3      454.91648      2.8030425      355.58968      2.1195041      593.43648      3.9832551
           -1.2      464.19844      2.5931757      362.96081      1.9832655      605.41595      3.6276479
           -1.1      476.16536       2.570392      372.50536      1.9800976      620.50238      3.5764976
             -1      488.40489      2.6415749      381.92035      2.0397185      636.75506      3.7015668
           -0.9      503.59435      2.8000815      392.71998       2.122925      658.86219      3.9258314
           -0.8       507.6398       2.680843      397.12925      2.0710463      661.38945      3.7499536
           -0.7       512.6412      2.6898941      400.29413      2.0753449      669.52103      3.7513399
           -0.6      518.78234      2.7282205       403.8794      2.0876622      680.10984      3.8249667
           -0.5      526.18127      2.7577263      410.66201      2.1313152       687.6628      3.9079946
           -0.4      533.05514      2.7407269      416.45774      2.1397738      695.59763       3.909336
           -0.3      535.15183      2.7691134      417.61863      2.1297474      699.38788      3.8750749
           -0.2      534.18974      2.7269305      417.04088      2.1133848      697.80682      3.8247347
           -0.1      537.83522      2.8560049       418.8639      2.1633227      704.63804      4.0548297
              0      533.17551      2.9842453      415.42679      2.2502122      698.17568      4.2241953
            0.1      533.09636      2.7530477      415.51744      2.1271342      697.65756      3.8854788
            0.2      533.61861      2.7468152        416.109      2.1093889      697.97498      3.8275598
            0.3      531.67045      3.0081163       413.7246      2.2701515      697.35719      4.2611158
            0.4      526.18833      2.7429571      410.93176      2.1083101      686.93655      3.8266976
            0.5      516.88381      2.6799174      402.85171      2.0614337      676.68407      3.7225216
            0.6      513.13144      2.7805348      401.27956        2.14756      668.86222      3.9774362
            0.7      510.64243      2.7544405      398.74799      2.1055633      666.86846      3.8561744
            0.8      502.77957      2.6661353      392.56894      2.0671328      656.66493      3.7492095
            0.9      490.06179      2.6324118      382.82545      2.0519021      639.71635      3.7252169
              1      478.68119      2.5742596      374.07058      1.9838722      624.62693      3.5719451
            1.1      464.74877      2.5446736      363.00418      1.9629708      606.91348      3.5581838
            1.2      454.04448      2.6126112      355.06931      2.0156627      591.99188      3.7119536
            1.3      434.96971      2.4617116      339.96315      1.8984643      567.55819       3.418068
            1.4      418.15776      2.3994605      326.78454      1.8484113      545.78138      3.3271275
            1.5      402.48763      2.4154237       314.7414      1.8740533      524.88335      3.4178838
            1.6      385.96239      2.2960538      302.59667      1.7817045      501.67215      3.1839218
            1.7      364.71232      2.3795668      285.46125      1.8236434      475.05564      3.3319449
            1.8      343.02198      2.1817282      268.82839      1.7183923      446.00226      3.1095722
            1.9        323.669      2.1625433      253.87298      1.6619696      420.47571      3.0207177
              2       303.0412      2.0583154       237.2527       1.595006      394.60446      2.8842905
            2.1      277.22553      1.9521233      217.44927      1.5075627      360.00265       2.707675
            2.2      248.32537      1.8477238      195.19639      1.4415971      321.53358      2.5984785
            2.3      229.19217      1.8239924      180.47591      1.4881123       295.9661       2.753194
            2.4      210.65242      1.7084896      164.68651      1.3165751      274.66821      2.3828136
            2.5      182.80461       1.608473      143.24919      1.2391725      237.54632      2.2588014
            2.6      159.74545      1.4853608      125.07454      1.1477706      207.85613      2.0781886
            2.7      136.58741      1.3726816      106.76647      1.0554131      178.12317      1.9216459
            2.8      115.39452      1.2561875      90.590837      1.0075538      149.52427       1.843394
            2.9      95.533464      1.1437396      74.477399     0.87936799      124.92811       1.606062
              3       75.95664      1.0210353      59.442828     0.78774822      98.756703      1.4380665
            3.1      59.188721     0.90658668      46.068244     0.69285587      77.553387      1.2794276
            3.2      47.433604     0.81596305      36.945903     0.62796139      62.038029      1.1706906
            3.3      36.043442     0.70319883      27.923437     0.53603501      47.448275     0.99068607
            3.4      25.368686      0.5864108      19.802003     0.47229098      33.118575     0.87105756
            3.5      17.108046     0.48938316      13.379054     0.37529582      22.219602     0.69829308
            3.6       11.61415      0.3991137      9.0852671     0.30806154      15.070351     0.56338444
            3.7      6.5131167     0.30081433       5.058897     0.22790318      8.5569456     0.42952678
            3.8      4.5081958     0.25192351      3.5061936     0.19174247      5.9075669     0.35735263
            3.9      1.9980923     0.17212738      1.5354363     0.12774487      2.6545929     0.24947315
              4      1.2238315     0.12977329     0.92702163    0.096860017      1.6639809     0.18319889
            4.1     0.52449923    0.086515428     0.40761622     0.06511194     0.68921431     0.12335313
            4.2     0.13736885    0.048363695     0.10625882    0.037316151     0.18422671    0.065823557
            4.3    0.049952308    0.024974905    0.042113513    0.021281605    0.057978696    0.029966087
            4.4    0.024976154    0.017659925    0.017993005    0.012874495    0.036608903     0.02629147
            4.5              0              0              0              0              0              0
            4.6              0              0              0              0              0              0
            4.7              0              0              0              0              0              0
            4.8              0              0              0              0              0              0
            4.9              0              0              0              0              0              0
              5              0              0              0              0              0              0
