#   y_bbZ-ptj60        central        num_err    min (scale)        num_err    max (scale)        num_err
             -5              0              0              0              0              0              0
           -4.9              0              0              0              0              0              0
           -4.8              0              0              0              0              0              0
           -4.7              0              0              0              0              0              0
           -4.6    0.027636254    0.019565612    0.023997599    0.017035807    0.031966388     0.02260309
           -4.5    0.094997599    0.039236058    0.079237696    0.032806963     0.11606083     0.04813182
           -4.4     0.23587977    0.064956456     0.19350991     0.05371226     0.29430237    0.080558892
           -4.3     0.83960944     0.11725927     0.70004381    0.098148846       1.026097     0.14303199
           -4.2      1.7447697     0.16836141       1.452233     0.14042359      2.1375145     0.20637873
           -4.1      4.5648725     0.27098147      3.8193216     0.22722319      5.5557403     0.33019245
             -4      9.3719913     0.38793347      7.8386576     0.32510852      11.412824     0.47354983
           -3.9      17.151671     0.52293929      14.377814     0.43887192      20.824067     0.63737582
           -3.8      27.464352     0.66068784      23.035939     0.55492081      33.327839     0.80538304
           -3.7      41.155135     0.81278783      34.389128     0.68065377      50.186343     0.99631987
           -3.6       59.23649     0.96805248       49.60371     0.81162969       72.03336      1.1857855
           -3.5      83.818727      1.1503873      69.894193     0.95993113       102.4825      1.4146325
           -3.4      108.64674      1.3081324      90.593455      1.0917872      132.84411      1.6089024
           -3.3      143.44573      1.5174138      119.46006      1.2631503      175.66574      1.8715946
           -3.2      176.52384      1.6667765      146.91397      1.3880797      216.35004      2.0558314
           -3.1      219.90935      1.8606577      182.91594      1.5528884      269.70869      2.3174171
             -3      255.37552      2.0100141      212.13511      1.6698811      313.69751      2.4907115
           -2.9      302.55408      2.4352785      250.64176      1.9910415      372.87472       3.067444
           -2.8      348.76652       2.348849      288.64944      1.9447872      430.34602       2.917899
           -2.7      398.20356      2.5177049      329.37833      2.0827329      491.63623      3.1320452
           -2.6      441.31597      2.9687492      364.17519      2.4280358      546.39928      3.7353941
           -2.5      490.24477      2.8251325      404.03663       2.326867       607.8517       3.532378
           -2.4      538.70714      2.9912384       443.6587      2.4580064      668.46303      3.7527393
           -2.3      581.58281       3.032328      478.35796      2.4966399      722.72642      3.7944594
           -2.2      623.18906      3.1489625      512.03655       2.588475      775.35015      3.9473108
           -2.1      663.76597      3.2466363      544.83173      2.6675215      826.72081      4.0756165
             -2      701.94744      3.3763153       575.5056      2.7674811      875.41018      4.2434564
           -1.9      743.00436      3.4768583      608.53654      2.8458357      927.69309      4.3739524
           -1.8      773.05187      3.4969904        633.003      2.8664936      965.35774      4.3941071
           -1.7       800.8495      3.5839406       654.8972      2.9313577       1001.534      4.5102975
           -1.6      825.25204      3.6533606      674.70385      2.9874774      1032.2388      4.5992758
           -1.5      853.51761      3.6799564      697.45218       3.009727      1068.1549      4.6360281
           -1.4      876.72898      3.9725488      716.32612      3.2271082      1097.3344      5.0373822
           -1.3      896.84737      3.7901476      732.13293      3.0939651      1123.5253      4.7814266
           -1.2       918.3059      3.8217223      749.41947      3.1216553      1150.7895      4.8150228
           -1.1      928.60698      4.1148411      757.57669      3.3406975      1164.0609      5.2221061
             -1      946.60294      3.9189894      772.10452      3.1980977      1186.8746      4.9573551
           -0.9      957.03716       3.925191      780.54565      3.2042172      1200.0253      4.9487853
           -0.8      965.36894      3.9428828      787.10156      3.2144041      1210.8718      4.9791183
           -0.7      983.36917      3.9582907      801.98075      3.2329572      1233.0641      5.0010929
           -0.6       993.4105      3.9856569      810.42475       3.258967      1245.1072      5.0686629
           -0.5      996.92677      4.0727401      812.78863      3.3214494      1250.4248      5.1588607
           -0.4        993.051      4.0366733      809.49964      3.2886711      1245.7549       5.101203
           -0.3      1000.0412      3.9893499       815.7097      3.2566107      1253.6416      5.0338755
           -0.2      1007.2481       4.315166       821.0118      3.5048844      1263.6866       5.467036
           -0.1      1000.8256      3.9946346      815.55124      3.2568035      1256.0366      5.0404925
              0      997.47438      3.9991186      813.20805      3.2680944      1251.1188      5.0522946
            0.1      996.77229      4.0687691      812.49983      3.3146994      1250.5054      5.1429188
            0.2      1003.7327      4.0490152      818.02377      3.2991873      1259.5178       5.119712
            0.3      993.48217      3.9812155      809.75982      3.2466417      1246.4918      5.0265926
            0.4      997.17242      4.2909373      812.93769      3.4807336      1250.8368      5.4470106
            0.5      984.60736      3.9804497      802.79056      3.2478114      1234.9269      5.0261676
            0.6       986.1975      4.4033796      803.99355      3.5638814      1237.1193      5.6002658
            0.7      972.45241      4.1240011      792.88837      3.3642601      1219.6739      5.2306001
            0.8      960.24423      3.9317663      783.65146       3.212383      1203.1595       4.958124
            0.9      941.79371      3.8772603       768.4385      3.1654844      1180.3772      4.8946696
              1      930.00626      3.9002112      758.26435      3.1779408      1166.6522      4.9284509
            1.1      913.91423      3.8220779      745.41525      3.1211921       1146.012      4.8298963
            1.2      904.24139      3.8632162      738.31962      3.1524048      1132.5474      4.8711764
            1.3      880.30986      3.7508488      718.95884      3.0652352      1102.3238      4.7255671
            1.4      856.09613      3.7073789       699.4395      3.0298401      1071.6201      4.6710954
            1.5      829.35028      3.6313575      677.95438       2.972163      1037.5787       4.569774
            1.6      799.61221      3.5797252      653.66341      2.9274252      1000.3985      4.5072202
            1.7      769.01415      3.5222319      629.36329      2.8830944      960.90805      4.4296315
            1.8      733.45098      3.4074212      600.93587      2.7942623      915.33515      4.2773486
            1.9      703.27509      3.3613842      576.78114       2.759477      876.70741      4.2310923
              2      659.97008      3.2755896       542.1225      2.6908602      821.29128      4.1053017
            2.1      625.97143      3.1798447      514.55264       2.613017      778.37524      3.9837123
            2.2      575.76336      3.0577837      474.19016      2.5290211      714.40063      3.8428031
            2.3      535.84493      2.9128462      441.22064      2.4001902      665.06806      3.6396992
            2.4       495.7435       2.806328      408.94006      2.3252835       613.9681      3.5372126
            2.5      441.62855      2.6524505      364.37992      2.1894428      546.86728      3.3082429
            2.6       391.2563      2.4926435       323.5595      2.0637265      483.18102      3.1077205
            2.7      351.26872      2.3640804      290.71516      1.9570489      433.41639      2.9372957
            2.8      305.39571      2.2016797      253.26375      1.8280136      375.89287      2.7410985
            2.9      257.74792      2.0230678      213.78513      1.6786991      317.19945      2.5047707
              3      217.66206       1.854744      180.99194      1.5437296      267.05342      2.2910096
            3.1      177.29544      1.6750173      147.60279      1.3949356      217.20192      2.0646678
            3.2      141.99833      1.4930318      118.32804      1.2452699      173.76591      1.8367592
            3.3      110.23939      1.3222007      92.015907      1.1045917      134.61087      1.6279249
            3.4      81.604254      1.1356872       68.23092     0.95023498      99.433039      1.3931631
            3.5       58.92469     0.96837218      49.207772     0.80911531       71.90904      1.1883522
            3.6      40.638334     0.80609199      33.997385     0.67388688      49.477178     0.98934646
            3.7      26.251666     0.64507583      21.969896     0.54050181      31.947509     0.78852379
            3.8      16.483611      0.5131876      13.752703     0.42849487      20.140239     0.63018556
            3.9      8.7639223     0.37275459      7.3557239     0.31400669      10.623369      0.4529243
              4      4.7193493     0.28080036      3.9793505     0.23704868       5.686297      0.3392396
            4.1      2.0768897     0.18524226       1.735722      0.1553308      2.5320869     0.22574233
            4.2     0.92625794     0.12346153     0.78167132     0.10432556      1.1147694     0.14877323
            4.3     0.25713686    0.063881559     0.21289555    0.053259731      0.3172393    0.078373624
            4.4    0.031108444    0.021995931    0.026761104    0.018927897    0.036445378    0.025789642
            4.5    0.015477792    0.015477018    0.012984794    0.012984145    0.018714687    0.018713751
            4.6              0              0              0              0              0              0
            4.7              0              0              0              0              0              0
            4.8              0              0              0              0              0              0
            4.9              0              0              0              0              0              0
              5              0              0              0              0              0              0
