                0          -2.1558335      0.0197755
                5          -6.1228077      0.0352815
               10          -8.5962511      0.0468220
               15          -9.9887548      0.0567568
               20          -15.199465      0.0651562
               25          -34.749381      0.0717676
               30          -78.932819      0.0760202
               35          -113.12840      0.0747200
               40          -44.724053      0.0607021
               45           26.985067      0.0439246
               50           43.495768      0.0338994
               55           39.788069      0.0276892
               60           32.087741      0.0234515
               65           24.993577      0.0199591
               70           19.293192      0.0174328
               75           14.954875      0.0152272
               80           11.641905      0.0135544
               85           9.1373940      0.0122068
               90           7.2467243      0.0109301
               95           5.7848116     0.00985546
              100           4.6711122     0.00871235
              105           3.7956115     0.00810757
              110           3.1188995     0.00729458
              115           2.5615748     0.00675117
              120           2.1277684     0.00624677
              125           1.7716682     0.00614097
              130           1.4881953     0.00577527
              135           1.2502109     0.00558264
              140           1.0754716     0.00481805
              145          0.90767118     0.00508801
              150          0.78148665     0.00442374
              155          0.67215223     0.00458555
              160          0.58014872     0.00435717
              165          0.50235970     0.00418355
              170          0.43552936     0.00415803
              175          0.38357366     0.00331012
              180          0.33630995     0.00389582
              185          0.28666165     0.00410687
              190          0.25751046     0.00349114
              195          0.23330943     0.00241333
              200          0.19970640     0.00365023
              205          0.17377223     0.00385679
              210          0.14954406     0.00466960
              215          0.13852526     0.00369646
              220          0.12282109     0.00298500
              225          0.11465202     0.00272529
              230          0.10045009     0.00268343
              235         0.095473719     0.00218412
              240         0.082625675     0.00270485
              245         0.070995580     0.00227577
              250         0.070671668     0.00162872
              255         0.060150882     0.00182443
              260         0.054972936     0.00278395
              265         0.046780517     0.00340760
              270         0.040108680     0.00270185
              275         0.042294934     0.00139371
              280         0.034222605     0.00381942
              285         0.031866415     0.00292433
              290         0.031926032     0.00178334
              295         0.028023521     0.00187725
              300         0.024312390     0.00189359
              305         0.023299143     0.00155190
              310         0.022870576     0.00153922
              315         0.020876874     0.00140794
              320         0.018037524     0.00173078
              325         0.013904765     0.00240560
              330         0.017440444    0.000754754
              335         0.010772169     0.00307480
              340         0.012050498     0.00179994
              345         0.010966970    0.000968016
              350         0.011621377    0.000692990
              355         0.011453286    0.000762468
              360        0.0090947956     0.00153943
              365        0.0094282859    0.000922213
              370        0.0059323149     0.00240845
              375        0.0059506078     0.00197604
              380        0.0067236013     0.00122830
              385        0.0035459108     0.00236573
              390        0.0043365609     0.00195435
              395        0.0075870698    0.000248923
              400        0.0043531192     0.00169064
              405        0.0063327658    0.000215543
              410        0.0019010873     0.00204813
              415        0.0022725125     0.00205804
              420        0.0046647161    0.000372793
              425        0.0046440914    0.000409840
              430        0.0035260952    0.000900522
              435        0.0036916787    0.000434804
              440        0.0032722597    0.000865892
              445        0.0037937522    0.000172366
              450        0.0022235190     0.00137025
              455        0.0031152025    0.000363737
              460        0.0029730032    0.000457000
              465        0.0028345422    0.000225697
              470        0.0025787666    0.000119423
              475        0.0013189087     0.00107124
              480        0.0024501810    0.000139430
              485        0.0024370036    0.000131902
              490        0.0021226339    0.000119025
              495        0.0014499181    0.000480993
