                0          -214.02835      0.0890729
                5          -397.82966       0.127036
               10          -298.76470       0.116428
               15          -155.59455      0.0961736
               20          -52.762092      0.0789696
               25           6.5818433      0.0679049
               30           36.105200      0.0556009
               35           47.908519      0.0480186
               40           49.971326      0.0422844
               45           47.343143      0.0371386
               50           42.558005      0.0330082
               55           37.201795      0.0292184
               60           31.897352      0.0260370
               65           27.021558      0.0232559
               70           22.830205      0.0211391
               75           19.195026      0.0187423
               80           16.111480      0.0168357
               85           13.557883      0.0150729
               90           11.393087      0.0136432
               95           9.5978980      0.0122810
              100           8.0992826      0.0111249
              105           6.8487784      0.0101904
              110           5.8335342     0.00932867
              115           4.9516223     0.00888082
              120           4.2281447     0.00772649
              125           3.6160752     0.00706042
              130           3.0978262     0.00687624
              135           2.6571000     0.00624157
              140           2.3049754     0.00562465
              145           2.0012006     0.00505445
              150           1.7332265     0.00477398
              155           1.5089404     0.00455713
              160           1.3177320     0.00537964
              165           1.1503525     0.00377718
              170           1.0071415     0.00384149
              175          0.88716221     0.00328820
              180          0.77934779     0.00301320
              185          0.68918975     0.00299114
              190          0.60530048     0.00287841
              195          0.53830928     0.00249952
              200          0.48087621     0.00256368
              205          0.42239882     0.00233344
              210          0.37830904     0.00214836
              215          0.33978114     0.00205045
              220          0.29985863     0.00200446
              225          0.26987414     0.00188923
              230          0.24091790     0.00172383
              235          0.21890240     0.00164025
              240          0.19541874     0.00152213
              245          0.17933360     0.00164973
              250          0.15839016     0.00140478
              255          0.14234115     0.00129499
              260          0.12799604     0.00140208
              265          0.11917147     0.00122170
              270          0.10486281     0.00113334
              275         0.094839576     0.00107994
              280         0.087217494     0.00108894
              285         0.080545440     0.00103018
              290         0.073163162    0.000985514
              295         0.066087442     0.00101257
              300         0.060086670    0.000960742
              305         0.054302484    0.000868439
              310         0.049471141    0.000915717
              315         0.044547798    0.000857676
              320         0.041137372    0.000758759
              325         0.037772041    0.000692121
              330         0.034947590    0.000684340
              335         0.031358508    0.000646214
              340         0.030310524    0.000618661
              345         0.026912742    0.000625510
              350         0.025254307    0.000605717
              355         0.023429828    0.000682015
              360         0.019905119    0.000651062
              365         0.018897202    0.000551776
              370         0.017445469    0.000521069
              375         0.015743052    0.000515408
              380         0.015203159    0.000512140
              385         0.013901247    0.000417558
              390         0.011726304     0.00126197
              395         0.011131814    0.000412945
              400         0.011386210    0.000398506
              405         0.010011128    0.000410640
              410        0.0088237463    0.000353174
              415        0.0084474548    0.000440533
              420        0.0076318772    0.000346045
              425        0.0078279860    0.000435882
              430        0.0070868247    0.000332998
              435        0.0067188075    0.000331650
              440        0.0054666211    0.000293648
              445        0.0051030676    0.000310070
              450        0.0052525408    0.000282651
              455        0.0041382336    0.000299574
              460        0.0043911570    0.000288091
              465        0.0040822197    0.000305429
              470        0.0036433706    0.000262193
              475        0.0034278412    0.000265902
              480        0.0031170798    0.000235299
              485        0.0029517596    0.000232776
              490        0.0022946998    0.000382188
              495        0.0025343460    0.000206302
              500        0.0024629680    0.000205727
              505        0.0020905896    0.000222534
              510        0.0022831505    0.000203717
              515        0.0018210166    0.000195422
              520        0.0011745052    0.000277283
              525        0.0013786240    0.000181132
              530        0.0015401054    0.000188083
              535        0.0012803997    0.000229414
              540        0.0012590371    0.000173975
              545        0.0011658508    0.000180120
              550        0.0014175262    0.000153703
              555       0.00066354464    0.000179153
              560       0.00089791799    0.000172291
              565       0.00067685131    0.000143345
              570       0.00094731956    0.000142892
              575       0.00087961377    0.000132153
              580       0.00058853784    0.000142408
              585       0.00080248237    0.000162433
              590       0.00058123872    0.000145450
              595       0.00023826780    0.000124824
              600       0.00057642689    0.000120945
              605       0.00032153462    0.000143939
              610       0.00030163697    0.000160934
              615       0.00055111590    0.000114900
              620       0.00030554377    0.000135822
              625       0.00010927293    0.000108272
              630       0.00048285012    0.000129738
              635       0.00021083185    0.000122292
              640      -3.6307061e-06    0.000114060
              645       0.00024876347    0.000120425
              650       0.00037513027    0.000118307
              655       0.00010168412    0.000104508
              660       0.00018428509    0.000103415
              665       0.00017420969    0.000125194
              670       0.00016979150    0.000131760
              675       6.4781915e-06    9.87982e-05
              680       1.6744999e-05    9.52468e-05
              685       5.6704788e-05    9.48926e-05
              690       4.6274460e-05    9.91260e-05
              695      -9.6721318e-06    8.92954e-05
              700      -1.0196405e-05    9.29276e-05
              705      -9.1190610e-05    9.65659e-05
              710      -7.4543390e-05    0.000132429
              715       0.00010443317    7.68660e-05
              720      -0.00016677034    0.000104254
              725      -7.9550853e-05    6.74574e-05
              730      -8.6440812e-06    6.42772e-05
              735      -8.7359943e-05    7.30870e-05
              740      -0.00011576951    5.92953e-05
              745      -4.9179339e-05    7.04250e-05
              750      -0.00011464649    5.93064e-05
              755      -2.1571132e-05    5.41993e-05
              760      -5.7068459e-05    5.95951e-05
              765      -5.6806620e-05    6.01086e-05
              770      -3.8337684e-05    4.79133e-05
              775      -5.2549416e-05    4.60258e-05
              780      -0.00010249869    5.14233e-05
              785      -7.5507026e-05    5.10017e-05
              790      -1.9115686e-05    5.08320e-05
              795      -5.5688825e-06    4.89085e-05
              800       2.6136207e-05    4.77448e-05
              805      -2.1414321e-05    4.05440e-05
              810      -7.2002026e-05    4.43578e-05
              815      -2.6689715e-05    3.77471e-05
              820      -8.8997212e-05    3.74990e-05
              825      -1.7301461e-05    3.44077e-05
              830      -3.1326064e-05    4.01410e-05
              835      -5.3426735e-05    3.57595e-05
              840       4.7926786e-05    3.32403e-05
              845      -5.2407589e-05    6.84937e-05
              850      -2.7280297e-05    3.24554e-05
              855      -4.4673941e-05    4.04499e-05
              860      -0.00012883836    3.26746e-05
              865      -7.3980104e-05    3.32973e-05
              870      -2.7315273e-05    2.59467e-05
              875      -8.5157237e-05    2.75953e-05
              880      -1.8543429e-05    2.35294e-05
              885      -1.5079161e-05    3.77105e-05
              890      -4.6918001e-05    2.05261e-05
              895      -5.4707614e-05    2.08941e-05
              900      -6.4509437e-05    2.36318e-05
              905      -1.3805209e-05    2.13104e-05
              910      -3.3262625e-05    2.01286e-05
              915      -7.0697079e-05    2.07113e-05
              920      -2.5287123e-05    1.94576e-05
              925      -7.1015866e-05    4.01384e-05
              930      -1.5771447e-05    1.68908e-05
              935      -4.2093300e-05    1.58476e-05
              940      -2.4133289e-05    1.59589e-05
              945      -3.6934320e-05    1.60710e-05
              950      -4.7729905e-05    1.68141e-05
              955      -2.3288602e-05    1.82343e-05
              960      -4.4601310e-05    1.57088e-05
              965      -5.8951902e-05    1.49604e-05
              970      -4.5371953e-05    1.43017e-05
              975      -2.3450309e-05    1.32316e-05
              980      -2.3778107e-05    1.31321e-05
              985      -4.4083940e-05    1.19291e-05
              990      -3.6147208e-05    1.25080e-05
              995      -3.2995757e-05    1.51456e-05
