#qTcut         central scale                 minimum (antipodal)           maximum (antipodal)           
#              xiR=1  xiF=1                  xiR=2  xiF=0.5                xiR=0.5  xiF=2                µR=xiR*mWbb  µF=xiF*mWbb
0              23691.229      50.793242      21366.852      32.907307      25573.072      81.619817      
0.01           23658.140      34.304584      21345.899      22.559100      25518.869      55.006476                -9.77%           7.87%
0.02           23668.725      29.227283      21353.872      19.494835      25533.035      46.336946                -9.78%           7.88%
0.03           23662.591      27.920046      21351.373      18.785511      25519.711      43.900683                -9.77%           7.85%
0.04           23647.324      27.027391      21341.447      18.173683      25495.251      42.520427                -9.75%           7.81%
0.05           23632.034      26.220346      21332.722      17.703409      25467.731      41.088962                -9.73%           7.77%
0.06           23619.412      25.707983      21325.735      17.400383      25444.365      40.192559                -9.71%           7.73%
0.07           23623.947      25.670502      21329.364      17.384585      25449.954      40.103340                -9.71%           7.73%
0.08           23615.337      25.631612      21324.846      17.415058      25433.561      39.901119                -9.70%           7.70%
0.09           23594.805      25.153984      21312.087      17.067817      25399.321      39.229112                -9.67%           7.65%
0.1            23590.311      24.805626      21309.414      16.854298      25391.329      38.638325                -9.67%           7.63%
0.11           23578.020      24.690716      21301.577      16.778778      25371.156      38.451525                -9.65%           7.61%
0.12           23570.452      24.660062      21298.008      16.750240      25355.676      38.419192                -9.64%           7.57%
0.13           23569.310      24.448963      21298.022      16.618292      25351.889      38.064211                -9.64%           7.56%
0.14           23556.836      24.316466      21290.514      16.536838      25330.319      37.838255                -9.62%           7.53%
0.15           23554.622      24.214112      21290.268      16.471246      25323.767      37.671054                -9.61%           7.51%
0.16           23559.334      24.261668      21294.227      16.507083      25328.635      37.728669                -9.61%           7.51%
0.17           23553.537      24.127468      21291.097      16.414211      25317.645      37.528665                -9.61%           7.49%
0.18           23548.505      24.054640      21288.615      16.368204      25307.472      37.408497                -9.60%           7.47%
0.19           23545.647      24.010610      21287.444      16.338084      25300.939      37.339385                -9.59%           7.45%
0.2            23544.215      23.966223      21287.444      16.310406      25296.205      37.264467                -9.59%           7.44%
0.21           23540.497      23.902257      21285.559      16.267100      25288.756      37.165661                -9.58%           7.43%
0.22           23538.187      23.915158      21284.666      16.278342      25283.293      37.181930                -9.57%           7.41%
0.23           23543.990      23.862645      21289.218      16.241940      25290.481      37.101019                -9.58%           7.42%
0.24           23531.497      23.853831      21281.710      16.232082      25268.967      37.097601                -9.56%           7.38%
0.25           23535.649      23.902972      21284.552      16.275709      25275.001      37.145407                -9.56%           7.39%
0.26           23527.157      23.795703      21279.900      16.190733      25259.087      37.011121                -9.55%           7.36%
0.27           23528.053      23.707904      21280.637      16.141897      25259.842      36.849259                -9.55%           7.36%
0.28           23522.607      23.669990      21277.769      16.116837      25249.242      36.788757                -9.54%           7.34%
0.29           23520.291      23.653220      21276.859      16.098403      25243.730      36.774474                -9.54%           7.33%
0.3            23517.331      23.606368      21275.276      16.068315      25237.852      36.699394                -9.53%           7.32%
0.31           23515.511      23.583398      21274.398      16.052874      25233.789      36.663271                -9.53%           7.31%
0.32           23514.668      23.595802      21274.491      16.057557      25230.592      36.689190                -9.53%           7.30%
0.33           23514.560      23.573133      21274.788      16.042980      25229.199      36.651074                -9.53%           7.29%
0.34           23507.101      23.529131      21270.393      16.016784      25215.855      36.576514                -9.52%           7.27%
0.35           23505.425      23.515823      21269.651      16.003183      25212.098      36.565872                -9.51%           7.26%
0.36           23505.852      23.473081      21270.436      15.976466      25211.226      36.493977                -9.51%           7.26%
0.37           23504.994      23.455443      21270.250      15.964210      25208.588      36.466776                -9.51%           7.25%
0.38           23502.322      23.431683      21268.831      15.947364      25203.277      36.431861                -9.50%           7.24%
0.39           23499.827      23.417518      21267.396      15.937692      25198.513      36.409664                -9.50%           7.23%
0.4            23494.223      23.431726      21263.902      15.945967      25188.899      36.432413                -9.49%           7.21%
0.41           23492.298      23.380088      21262.787      15.912287      25185.084      36.352707                -9.49%           7.21%
0.42           23485.389      23.384836      21258.814      15.912615      25172.504      36.366906                -9.48%           7.18%
0.43           23476.623      23.500257      21253.067      15.997068      25158.299      36.519340                -9.47%           7.16%
0.44           23477.613      23.342482      21254.105      15.884355      25158.419      36.298854                -9.47%           7.16%
0.45           23476.375      23.320209      21253.285      15.869235      25156.103      36.263765                -9.47%           7.15%
0.46           23472.280      23.339024      21251.047      15.878280      25148.161      36.300943                -9.46%           7.14%
0.47           23473.105      23.384477      21251.816      15.900745      25148.608      36.387307                -9.46%           7.14%
0.48           23473.357      23.457159      21252.180      15.948007      25148.162      36.499985                -9.46%           7.13%
0.49           23471.234      23.266413      21251.027      15.830723      25143.955      36.184988                -9.46%           7.13%
0.5            23472.468      23.250407      21251.886      15.818830      25145.329      36.162227                -9.46%           7.13%
0.51           23466.544      23.236099      21248.274      15.809874      25134.878      36.138372                -9.45%           7.11%
0.52           23462.232      23.232394      21245.397      15.806814      25127.742      36.133866                -9.45%           7.10%
0.53           23465.274      23.211380      21247.679      15.790495      25131.539      36.105775                -9.45%           7.10%
0.54           23462.628      23.276024      21246.436      15.836549      25125.900      36.200319                -9.45%           7.09%
0.55           23457.855      23.187863      21243.449      15.773738      25117.505      36.070826                -9.44%           7.08%
0.56           23457.981      23.194399      21243.307      15.780374      25117.811      36.077092                -9.44%           7.08%
0.57           23456.917      23.166191      21242.774      15.758368      25115.328      36.038381                -9.44%           7.07%
0.58           23452.639      23.150015      21240.088      15.747580      25107.836      36.013128                -9.43%           7.06%
0.59           23452.315      23.149113      21239.946      15.745864      25106.754      36.014000                -9.43%           7.05%
0.6            23446.218      23.151409      21235.762      15.748259      25097.085      36.015487                -9.43%           7.04%
0.61           23445.412      23.136763      21235.149      15.735513      25095.567      35.998886                -9.43%           7.04%
0.62           23445.105      23.113764      21235.194      15.719992      25094.135      35.963481                -9.43%           7.03%
0.63           23444.884      23.119676      21235.144      15.721625      25093.134      35.977104                -9.43%           7.03%
0.64           23441.439      23.087960      21232.901      15.700583      25087.141      35.926930                -9.42%           7.02%
0.65           23442.847      23.104923      21233.744      15.710521      25089.078      35.955846                -9.42%           7.02%
0.66           23441.890      23.086682      21233.244      15.698838      25086.873      35.926727                -9.42%           7.02%
0.67           23441.750      23.071094      21233.390      15.686371      25085.663      35.906939                -9.42%           7.01%
0.68           23437.740      23.049406      21230.562      15.672261      25079.427      35.871774                -9.42%           7.00%
0.69           23437.055      23.040285      21230.035      15.665519      25078.118      35.858872                -9.42%           7.00%
0.7            23431.248      23.039058      21226.154      15.664407      25068.657      35.857444                -9.41%           6.99%
0.71           23430.814      23.036458      21225.826      15.662402      25067.639      35.854117                -9.41%           6.99%
0.72           23426.591      23.036507      21223.143      15.660006      25060.377      35.858761                -9.41%           6.97%
0.73           23427.100      23.056312      21223.479      15.676641      25060.669      35.882140                -9.41%           6.97%
0.74           23422.359      23.007697      21220.143      15.641342      25053.277      35.812783                -9.40%           6.96%
0.75           23424.988      23.016373      21221.958      15.646037      25056.764      35.828222                -9.40%           6.97%
0.76           23419.159      23.001643      21217.895      15.634176      25047.688      35.810036                -9.40%           6.95%
0.77           23416.073      22.984259      21215.925      15.622700      25042.238      35.782271                -9.40%           6.94%
0.78           23414.106      22.972201      21214.494      15.613987      25039.036      35.764562                -9.39%           6.94%
0.79           23408.356      23.003815      21210.605      15.632205      25029.817      35.820245                -9.39%           6.93%
0.8            23408.800      22.971702      21210.720      15.611513      25030.469      35.768557                -9.39%           6.93%
0.81           23409.120      22.979960      21210.829      15.614702      25030.732      35.786145                -9.39%           6.93%
0.82           23401.476      23.001916      21205.824      15.628401      25018.194      35.821197                -9.38%           6.91%
0.83           23399.753      22.951992      21204.632      15.597993      25015.154      35.738426                -9.38%           6.90%
0.84           23399.366      22.948135      21204.382      15.597394      25014.205      35.729476                -9.38%           6.90%
0.85           23398.415      22.945283      21203.461      15.593987      25012.878      35.727950                -9.38%           6.90%
0.86           23395.823      22.930597      21201.941      15.583701      25008.006      35.705950                -9.38%           6.89%
0.87           23392.536      22.923239      21199.426      15.578007      25003.197      35.695891                -9.38%           6.89%
0.88           23389.928      22.908939      21197.492      15.565835      24999.143      35.677872                -9.37%           6.88%
0.89           23391.234      22.928159      21198.324      15.577413      25000.867      35.710311                -9.37%           6.88%
0.9            23387.660      22.894370      21195.984      15.554332      24994.842      35.658298                -9.37%           6.87%
0.91           23386.772      22.888421      21195.295      15.549290      24993.246      35.651136                -9.37%           6.87%
0.92           23386.585      22.886506      21194.992      15.548121      24992.953      35.648000                -9.37%           6.87%
0.93           23382.313      22.892577      21192.098      15.553385      24986.038      35.655256                -9.37%           6.86%
0.94           23380.844      22.877449      21191.031      15.542162      24983.444      35.633739                -9.37%           6.85%
0.95           23376.907      22.870399      21188.138      15.535243      24977.442      35.627276                -9.36%           6.85%
0.96           23379.976      22.889477      21189.815      15.544287      24982.693      35.665410                -9.37%           6.86%
0.97           23377.325      22.865629      21187.839      15.531384      24978.601      35.620763                -9.37%           6.85%
0.98           23371.465      22.854691      21183.721      15.523618      24969.527      35.604732                -9.36%           6.84%
0.99           23369.265      22.855723      21181.955      15.522726      24966.437      35.609216                -9.36%           6.83%
1              23364.941      22.890156      21178.996      15.545426      24959.482      35.662635                -9.36%           6.82%
