                0          -112.95087       0.146591
                5          -206.24714       0.220363
               10          -153.23964       0.222648
               15          -73.518329       0.200911
               20          -14.056422       0.174361
               25           22.607074       0.150865
               30           42.323095       0.130007
               35           51.388006       0.112970
               40           53.665073      0.0982688
               45           52.497012      0.0869220
               50           49.106373      0.0765852
               55           44.944543      0.0678225
               60           40.581315      0.0609870
               65           36.118164      0.0544364
               70           32.169662      0.0492403
               75           28.480670      0.0444788
               80           25.048439      0.0405526
               85           22.082249      0.0372853
               90           19.513082      0.0339320
               95           17.143324      0.0312098
              100           15.077961      0.0283330
              105           13.373013      0.0265908
              110           11.743853      0.0247420
              115           10.408175      0.0226229
              120           9.2808712      0.0213616
              125           8.2136814      0.0194701
              130           7.2881122      0.0179046
              135           6.5292451      0.0170848
              140           5.8262720      0.0158900
              145           5.2044613      0.0147501
              150           4.6612072      0.0137826
              155           4.1785549      0.0131386
              160           3.7831019      0.0121316
              165           3.4187772      0.0116918
              170           3.0818897      0.0108750
              175           2.7868332      0.0104181
              180           2.4924073     0.00954196
              185           2.2774519     0.00911732
              190           2.0821261     0.00850344
              195           1.9084473     0.00836435
              200           1.7361970     0.00865755
              205           1.5638389     0.00711091
              210           1.4355133     0.00697341
              215           1.3180473     0.00652080
              220           1.2142390     0.00657912
              225           1.1015164     0.00582638
              230           1.0230336     0.00578494
              235          0.94170928     0.00549106
              240          0.85887755     0.00526521
              245          0.79378458     0.00489640
              250          0.73349340     0.00494444
              255          0.67513304     0.00435710
              260          0.62994467     0.00449443
              265          0.57825118     0.00406556
              270          0.53641437     0.00379988
              275          0.49773763     0.00365641
              280          0.45696915     0.00357666
              285          0.44251350     0.00368509
              290          0.40579012     0.00329777
              295          0.37930888     0.00313624
              300          0.35000829     0.00333391
              305          0.33220383     0.00336914
              310          0.30647950     0.00292568
              315          0.28896689     0.00347713
              320          0.26362879     0.00285975
              325          0.25059769     0.00262039
              330          0.23996003     0.00730085
              335          0.22041338     0.00259593
              340          0.20667855     0.00240354
              345          0.19307406     0.00226171
              350          0.17744062     0.00195802
              355          0.17154247     0.00226633
              360          0.15954851     0.00190881
              365          0.15058996     0.00187378
              370          0.14376033     0.00203598
              375          0.13188441     0.00196448
              380          0.12321609     0.00173527
              385          0.11833894     0.00178476
              390          0.11428207     0.00187150
              395          0.10637381     0.00185783
              400         0.097797644     0.00157515
              405         0.095594534     0.00158123
              410         0.088782576     0.00183055
              415         0.084652548     0.00175148
              420         0.077437383     0.00129750
              425         0.076839454     0.00150712
              430         0.071713303     0.00140100
              435         0.064923233     0.00109851
              440         0.065037056     0.00148275
              445         0.059672256     0.00114891
              450         0.055222381     0.00103383
              455         0.053202636     0.00109355
              460         0.052146300     0.00175884
              465         0.051091039     0.00113232
              470         0.047975280     0.00126647
              475         0.047722069     0.00186928
              480         0.042332145     0.00101290
              485         0.039028379    0.000959158
              490         0.037342385    0.000839687
              495         0.036939148    0.000853383
              500         0.035574118     0.00119614
              505         0.035312580     0.00176491
              510         0.031745701     0.00101176
              515         0.029635326    0.000740331
              520         0.029042214    0.000859937
              525         0.031277367     0.00304352
              530         0.025821094    0.000836109
              535         0.026125132    0.000830390
              540         0.024969921     0.00128134
              545         0.023208861     0.00102117
              550         0.021739703    0.000718583
              555         0.019770109    0.000613901
              560         0.018965681    0.000706446
              565         0.017476220    0.000572998
              570         0.018984382    0.000628592
              575         0.017577201    0.000665235
              580         0.015152637    0.000451117
              585         0.015236593    0.000614959
              590         0.014660240    0.000490767
              595         0.014239310    0.000599452
              600         0.014552233    0.000698713
              605         0.013965128    0.000661871
              610         0.013157052    0.000535004
              615         0.012723471    0.000562388
              620         0.012257234    0.000904449
              625         0.010803765    0.000470523
              630         0.011365030    0.000662543
              635         0.010355477    0.000513325
              640         0.010399281    0.000715315
              645        0.0091943211    0.000397084
              650        0.0089357349    0.000455105
              655        0.0093542157    0.000517032
              660        0.0079826994    0.000366752
              665        0.0080605783    0.000383134
              670        0.0076348958    0.000472711
              675        0.0077287242    0.000503656
              680        0.0076476503    0.000542412
              685        0.0066012024    0.000336207
              690        0.0068065513    0.000457240
              695        0.0067709027    0.000730643
              700        0.0054788805    0.000271884
              705        0.0053834888    0.000310749
              710        0.0054417736    0.000297857
              715        0.0061427697    0.000498835
              720        0.0049768636    0.000366340
              725        0.0048974806    0.000343804
              730        0.0050589043    0.000399024
              735        0.0046186400    0.000354625
              740        0.0046393634    0.000376638
              745        0.0048453724    0.000440730
              750        0.0035215318    0.000245602
              755        0.0047073890    0.000534164
              760        0.0041638266    0.000434331
              765        0.0029792360    0.000237009
              770        0.0038847998    0.000510401
              775        0.0036104439    0.000499638
              780        0.0041724490    0.000587652
              785        0.0037939212    0.000405006
              790        0.0033955083    0.000378183
              795        0.0031709766    0.000316459
              800        0.0024148558    0.000206747
              805        0.0025322293    0.000205735
              810        0.0031294712    0.000307250
              815        0.0022339728    0.000200586
              820        0.0021082651    0.000171170
              825        0.0026118141    0.000268888
              830        0.0020720128    0.000246137
              835        0.0021057237    0.000180045
              840        0.0018643758    0.000226235
              845        0.0023523162    0.000349102
              850        0.0022676921    0.000336606
              855        0.0024352590    0.000282584
              860        0.0017220033    0.000158982
              865        0.0020729422    0.000236279
              870        0.0019750048    0.000253661
              875        0.0019532643    0.000331514
              880        0.0016523936    0.000209225
              885        0.0013856951    0.000133158
              890        0.0017938073    0.000412005
              895        0.0014951907    0.000150300
              900        0.0012718774    0.000131838
              905        0.0025208807     0.00109514
              910        0.0011062224    0.000123872
              915        0.0013266914    0.000161667
              920        0.0012686510    0.000151408
              925        0.0012880654    0.000196039
              930        0.0012240949    0.000143718
              935        0.0010792103    0.000159797
              940        0.0010350099    0.000109155
              945       0.00091219937    9.83799e-05
              950        0.0012964872    0.000195409
              955        0.0013768362    0.000159593
              960        0.0010023779    0.000202402
              965       0.00093046184    0.000137544
              970        0.0010853202    0.000121030
              975       0.00093400949    0.000134845
              980       0.00061229491    6.71747e-05
              985       0.00070188516    6.92814e-05
              990       0.00070406338    7.64008e-05
              995       0.00073618813    7.87365e-05
