#qTcut         xiR=0.5  xiF=2                xiR=1  xiF=1                  xiR=2  xiF=0.5                µR=xiR*mWbb  µF=xiF*mWbb
0.01           187209.41      9.6501605      127863.07      6.5871397      89136.002      4.6130888      
0.02           161392.32      8.7906459      110390.57      6.0105393      77077.346      4.2175964      
0.03           147211.35      8.4088849      100789.88      5.7564003      70449.068      4.044747       
0.04           137562.66      8.1618179      94255.974      5.592594       65936.917      3.9338665      
0.05           130315.95      7.9780699      89347.752      5.4710663      62546.788      3.8518389      
0.06           124552         7.8315873      85443.167      5.3743938      59849.397      3.7867743      
0.07           119785.69      7.7089921      82213.879      5.2935389      57618.15       3.7323948      
0.08           115734.5       7.6035626      79468.821      5.2241231      55721.278      3.6858226      
0.09           112224.76      7.5108999      77090.354      5.1631196      54077.509      3.6448955      
0.1            109134.18      7.428015       74995.708      5.1085757      52629.72       3.6083192      
0.11           106380.52      7.3533041      73129.245      5.059476       51339.534      3.5754555      
0.12           103899.79      7.2850519      71447.645      5.0146387      50177.035      3.5454616      
0.13           101644.38      7.2219527      69918.56       4.9731752      49119.797      3.5177121      
0.14           99579.557      7.1633725      68518.502      4.9346569      48151.644      3.4919133      
0.15           97677.831      7.1089326      67229.055      4.8989249      47259.995      3.4680403      
0.16           95918.626      7.0578995      66036.082      4.8653966      46434.941      3.4456104      
0.17           94281.366      7.0098664      64925.765      4.8338753      45667.022      3.4245541      
0.18           92753.861      6.9644977      63889.841      4.8040836      44950.529      3.4046314      
0.19           91319.996      6.9215191      62917.225      4.7758751      44277.673      3.3857854      
0.2            89972.201      6.8806433      62002.893      4.7490451      43645.062      3.3678556      
0.21           88699.899      6.8416913      61139.74       4.7234899      43047.842      3.3507939      
0.22           87494.744      6.8043153      60322.136      4.6989712      42482.13       3.3344212      
0.23           86353.024      6.7685758      59547.482      4.6754989      41946.07       3.3187226      
0.24           85267.048      6.7342685      58810.581      4.6529942      41436.089      3.3037         
0.25           84231.69       6.701118       58107.994      4.6311879      40949.824      3.289082       
0.26           83244.807      6.6694054      57438.262      4.6103743      40486.272      3.275177       
0.27           82301.607      6.6388763      56798.124      4.5903405      40043.165      3.2617949      
0.28           81398.151      6.6093029      56184.894      4.570919       39618.633      3.2488065      
0.29           80531.72       6.5808376      55596.748      4.5522135      39211.432      3.2362815      
0.3            79700.16       6.55325        55032.209      4.5340912      38820.526      3.2241559      
0.31           78899.061      6.5263819      54488.398      4.5164584      38444.014      3.2123748      
0.32           78129.673      6.5003762      53966.037      4.499369       38082.293      3.2009328      
0.33           77387.417      6.4750859      53462.044      4.4827641      37733.253      3.1898333      
0.34           76670.582      6.4505214      52975.31       4.4666198      37396.156      3.1790217      
0.35           75977.965      6.4266042      52505.007      4.4508897      37070.432      3.1684722      
0.36           75308.638      6.4033868      52050.452      4.4356314      36755.566      3.1582551      
0.37           74661.636      6.3806977      51611.022      4.4207059      36451.149      3.148247       
0.38           74033.764      6.3585916      51184.548      4.4061742      36155.677      3.1385138      
0.39           73424.818      6.3370751      50770.928      4.3920272      35869.111      3.1290333      
0.4            72834.134      6.3160113      50369.673      4.3781751      35591.08       3.1197501      
0.41           72261.234      6.2954033      49980.509      4.364632       35321.436      3.1106796      
0.42           71704.189      6.2752717      49602.085      4.3514119      35059.209      3.1018372      
0.43           71163.196      6.255634       49234.518      4.3385057      34804.471      3.0931929      
0.44           70635.187      6.2362795      48875.779      4.3257698      34555.853      3.0846486      
0.45           70123.09       6.2174773      48527.802      4.3134124      34314.659      3.0763728      
0.46           69622.922      6.1990001      48187.93       4.3012553      34079.082      3.068216       
0.47           69135.011      6.1808811      47856.336      4.2893352      33849.203      3.0602216      
0.48           68660.511      6.1631611      47533.871      4.2776857      33625.666      3.052414       
0.49           68197.039      6.1458394      47218.894      4.266316       33407.312      3.0448142      
0.5            67744.62       6.1287419      46911.383      4.2550719      33194.101      3.0372773      
0.51           67304.15       6.1119852      46611.917      4.2440183      32986.407      3.0298349      
0.52           66873.373      6.0955295      46319.029      4.2331762      32783.263      3.0225486      
0.53           66451.976      6.0793766      46032.531      4.2225401      32584.566      3.015406       
0.54           66039.55       6.0634857      45752.126      4.2120977      32390.089      3.0084137      
0.55           65636.239      6.0479304      45477.939      4.2018769      32199.94       3.0015705      
0.56           65240.796      6.0325415      45209.053      4.1917455      32013.43       2.9947682      
0.57           64853.701      6.0170726      44945.786      4.1813932      31830.775      2.9876281      
0.58           64475.843      6.0022477      44688.826      4.1716385      31652.513      2.9810842      
0.59           64104.934      5.9875807      44436.55       4.161963       31477.469      2.974569       
0.6            63741.447      5.9732111      44189.321      4.1525113      31305.925      2.9682324      
0.61           63384.35       5.9589538      43946.392      4.1431122      31137.327      2.9619084      
0.62           63035.495      5.9450139      43709.093      4.1339281      30972.656      2.9557346      
0.63           62692.795      5.9313101      43476.008      4.1249177      30810.931      2.9496948      
0.64           62356.125      5.9177397      43246.969      4.115966       30651.968      2.9436658      
0.65           62025.417      5.9042943      43021.931      4.1070634      30495.741      2.9376324      
0.66           61701.695      5.8911247      42801.667      4.0983846      30342.843      2.931796       
0.67           61382.764      5.8780729      42584.642      4.0897781      30192.179      2.9260034      
0.68           61069.823      5.8652034      42371.686      4.081278       30044.331      2.9202676      
0.69           60762.976      5.8526164      42162.862      4.0729767      29899.34       2.914678       
0.7            60461.641      5.8401485      41957.775      4.0647374      29756.936      2.9091149      
0.71           60164.583      5.8278161      41755.578      4.056597       29616.522      2.9036278      
0.72           59872.213      5.8155953      41556.598      4.0485427      29478.363      2.898211       
0.73           59585.134      5.8035668      41361.196      4.0406074      29342.67       2.8928653      
0.74           59302.641      5.7917395      41168.9        4.032813       29209.12       2.8876223      
0.75           59025.084      5.7800331      40979.92       4.025068       29077.84       2.8823826      
0.76           58752.106      5.7685589      40794.051      4.0174986      28948.718      2.8772836      
0.77           58483.1        5.7571556      40610.859      4.0099551      28821.432      2.8721839      
0.78           58218.1        5.745901       40430.414      4.0025325      28696.072      2.8671882      
0.79           57956.985      5.73471        40252.599      3.9951385      28572.524      2.8621964      
0.8            57699.549      5.7236382      40077.262      3.9878198      28450.676      2.8572515      
0.81           57445.306      5.7126727      39904.116      3.9805837      28330.364      2.8523751      
0.82           57195.476      5.7018256      39733.917      3.9733898      28212.056      2.8474923      
0.83           56950.192      5.6912298      39566.825      3.966395       28095.914      2.8427761      
0.84           56707.505      5.6806801      39401.515      3.9594194      27981.021      2.8380613      
0.85           56468.696      5.6703098      39238.812      3.9525609      27867.914      2.8334254      
0.86           56233.133      5.6600665      39078.325      3.9457946      27756.349      2.8288578      
0.87           56000.926      5.6498666      38920.122      3.9390449      27646.37       2.8242898      
0.88           55772.133      5.6397109      38764.226      3.932315       27537.979      2.8197272      
0.89           55546.04       5.6297697      38610.161      3.9257423      27430.857      2.8152866      
0.9            55322.957      5.6198677      38458.139      3.9191903      27325.146      2.8108526      
0.91           55103.343      5.6101615      38308.474      3.9127821      27221.074      2.8065328      
0.92           54885.805      5.6005021      38160.206      3.9064022      27117.957      2.8022293      
0.93           54671.629      5.5909834      38014.217      3.9001035      27016.415      2.7979679      
0.94           54459.883      5.5814689      37869.888      3.8937878      26916.03       2.7936733      
0.95           54250.613      5.5719587      37727.226      3.8874785      26816.789      2.789388       
0.96           54044.335      5.5627299      37586.596      3.8813826      26718.956      2.7852749      
0.97           53840.231      5.5535196      37447.452      3.8752955      26622.159      2.781163       
0.98           53639.37       5.544414       37310.505      3.8692714      26526.881      2.7770897      
0.99           53441.089      5.5354302      37175.292      3.8633198      26432.788      2.7730581      
1              53244.699      5.5265931      37041.386      3.857486       26339.62       2.7691252      
