qTcut          mu_R/mWbb      mu_F/mWbb      XS +- err (NNLO.QCD.QT)           

extrapolation  1              0.5            61689.433       +- 49.403839      
extrapolation  1              1              63163.044       +- 51.527674      
extrapolation  1              2              64271.329       +- 53.387100      

0.01           1              0.5            61666.431       +- 33.771392      
0.01           1              1              63138.714       +- 35.612339      
0.01           1              2              64245.477       +- 37.284400      

0.02           1              0.5            61680.382       +- 28.982046      
0.02           1              1              63153.840       +- 30.451513      
0.02           1              2              64261.607       +- 31.805507      

0.03           1              0.5            61677.953       +- 27.772454      
0.03           1              1              63151.194       +- 29.055079      
0.03           1              2              64258.805       +- 30.252289      

0.04           1              0.5            61665.873       +- 26.795256      
0.04           1              1              63139.096       +- 28.105128      
0.04           1              2              64246.629       +- 29.320556      

0.05           1              0.5            61655.166       +- 26.030421      
0.05           1              1              63127.673       +- 27.261403      
0.05           1              2              64234.588       +- 28.407086      

0.06           1              0.5            61648.882       +- 25.534133      
0.06           1              1              63121.168       +- 26.715445      
0.06           1              2              64227.868       +- 27.817097      

0.07           1              0.5            61657.928       +- 25.471424      
0.07           1              1              63130.763       +- 26.636223      
0.07           1              2              64237.958       +- 27.726039      

0.08           1              0.5            61653.011       +- 25.452370      
0.08           1              1              63125.413       +- 26.562856      
0.08           1              2              64232.271       +- 27.603221      

0.09           1              0.5            61637.634       +- 24.948949      
0.09           1              1              63109.452       +- 26.071187      
0.09           1              2              64215.848       +- 27.124806      

0.1            1              0.5            61636.988       +- 24.608736      
0.1            1              1              63109.329       +- 25.707930      
0.1            1              2              64216.143       +- 26.740528      

0.11           1              0.5            61630.170       +- 24.475909      
0.11           1              1              63102.779       +- 25.572975      
0.11           1              2              64209.880       +- 26.602991      

0.12           1              0.5            61628.384       +- 24.421717      
0.12           1              1              63100.744       +- 25.521904      
0.12           1              2              64207.639       +- 26.555121      

0.13           1              0.5            61631.691       +- 24.210763      
0.13           1              1              63103.941       +- 25.298492      
0.13           1              2              64210.713       +- 26.318832      

0.14           1              0.5            61623.344       +- 24.075387      
0.14           1              1              63095.257       +- 25.152681      
0.14           1              2              64201.778       +- 26.163535      

0.15           1              0.5            61624.886       +- 23.967393      
0.15           1              1              63096.822       +- 25.037476      
0.15           1              2              64203.391       +- 26.042179      

0.16           1              0.5            61633.762       +- 24.003270      
0.16           1              1              63106.312       +- 25.068544      
0.16           1              2              64213.368       +- 26.067986      

0.17           1              0.5            61632.200       +- 23.864734      
0.17           1              1              63104.764       +- 24.924832      
0.17           1              2              64211.825       +- 25.920082      

0.18           1              0.5            61632.721       +- 23.788238      
0.18           1              1              63105.288       +- 24.841444      
0.18           1              2              64212.337       +- 25.830931      

0.19           1              0.5            61633.683       +- 23.736473      
0.19           1              1              63106.609       +- 24.786777      
0.19           1              2              64213.982       +- 25.773182      

0.2            1              0.5            61637.008       +- 23.687628      
0.2            1              1              63110.013       +- 24.732503      
0.2            1              2              64217.469       +- 25.714131      

0.21           1              0.5            61637.347       +- 23.617845      
0.21           1              1              63110.666       +- 24.659913      
0.21           1              2              64218.414       +- 25.639371      

0.22           1              0.5            61638.093       +- 23.630340      
0.22           1              1              63111.746       +- 24.662414      
0.22           1              2              64219.808       +- 25.634264      

0.23           1              0.5            61647.564       +- 23.570254      
0.23           1              1              63121.766       +- 24.602032      
0.23           1              2              64230.320       +- 25.573659      

0.24           1              0.5            61639.304       +- 23.552055      
0.24           1              1              63112.941       +- 24.584525      
0.24           1              2              64221.034       +- 25.557109      

0.25           1              0.5            61645.636       +- 23.612878      
0.25           1              1              63120.108       +- 24.623693      
0.25           1              2              64228.897       +- 25.576060      

0.26           1              0.5            61641.336       +- 23.481900      
0.26           1              1              63115.442       +- 24.511481      
0.26           1              2              64223.888       +- 25.481566      

0.27           1              0.5            61645.281       +- 23.403448      
0.27           1              1              63120.297       +- 24.418523      
0.27           1              2              64229.564       +- 25.375301      

0.28           1              0.5            61643.558       +- 23.361542      
0.28           1              1              63118.544       +- 24.374309      
0.28           1              2              64227.789       +- 25.329084      

0.29           1              0.5            61644.435       +- 23.331802      
0.29           1              1              63119.867       +- 24.350953      
0.29           1              2              64229.477       +- 25.309333      

0.3            1              0.5            61644.891       +- 23.283214      
0.3            1              1              63120.836       +- 24.298662      
0.3            1              2              64230.896       +- 25.254012      

0.31           1              0.5            61645.657       +- 23.257381      
0.31           1              1              63121.993       +- 24.269822      
0.31           1              2              64232.378       +- 25.222617      

0.32           1              0.5            61648.592       +- 23.261788      
0.32           1              1              63125.365       +- 24.275616      
0.32           1              2              64236.121       +- 25.229173      

0.33           1              0.5            61651.576       +- 23.236757      
0.33           1              1              63128.962       +- 24.247558      
0.33           1              2              64240.271       +- 25.198385      

0.34           1              0.5            61647.407       +- 23.195691      
0.34           1              1              63124.791       +- 24.198972      
0.34           1              2              64236.107       +- 25.143627      

0.35           1              0.5            61648.532       +- 23.172972      
0.35           1              1              63126.258       +- 24.180425      
0.35           1              2              64237.870       +- 25.128409      

0.36           1              0.5            61651.815       +- 23.130172      
0.36           1              1              63129.999       +- 24.133453      
0.36           1              2              64242.012       +- 25.077515      

0.37           1              0.5            61654.123       +- 23.109678      
0.37           1              1              63132.916       +- 24.111060      
0.37           1              2              64245.475       +- 25.053394      

0.38           1              0.5            61654.095       +- 23.082580      
0.38           1              1              63133.151       +- 24.082884      
0.38           1              2              64245.926       +- 25.024267      

0.39           1              0.5            61653.872       +- 23.066344      
0.39           1              1              63133.360       +- 24.064207      
0.39           1              2              64246.520       +- 25.003229      

0.4            1              0.5            61650.752       +- 23.074744      
0.4            1              1              63130.479       +- 24.073290      
0.4            1              2              64243.843       +- 25.012847      

0.41           1              0.5            61651.438       +- 23.024498      
0.41           1              1              63131.676       +- 24.018422      
0.41           1              2              64245.496       +- 24.954517      

0.42           1              0.5            61647.416       +- 23.023638      
0.42           1              1              63127.541       +- 24.018579      
0.42           1              2              64241.264       +- 24.955649      

0.43           1              0.5            61641.405       +- 23.134141      
0.43           1              1              63121.876       +- 24.126659      
0.43           1              2              64235.915       +- 25.060023      

0.44           1              0.5            61643.761       +- 22.977481      
0.44           1              1              63124.786       +- 23.968775      
0.44           1              2              64239.293       +- 24.902121      

0.45           1              0.5            61645.146       +- 22.953605      
0.45           1              1              63126.705       +- 23.942988      
0.45           1              2              64241.660       +- 24.874375      

0.46           1              0.5            61642.975       +- 22.967189      
0.46           1              1              63124.795       +- 23.957324      
0.46           1              2              64239.987       +- 24.889045      

0.47           1              0.5            61645.231       +- 22.998539      
0.47           1              1              63127.425       +- 23.997730      
0.47           1              2              64242.945       +- 24.937779      

0.48           1              0.5            61647.661       +- 23.064043      
0.48           1              1              63130.346       +- 24.064803      
0.48           1              2              64246.295       +- 25.005847      

0.49           1              0.5            61647.478       +- 22.890378      
0.49           1              1              63130.481       +- 23.875233      
0.49           1              2              64246.717       +- 24.802644      

0.5            1              0.5            61650.103       +- 22.871565      
0.5            1              1              63133.883       +- 23.856033      
0.5            1              2              64250.784       +- 24.782973      

0.51           1              0.5            61646.931       +- 22.856603      
0.51           1              1              63130.938       +- 23.838569      
0.51           1              2              64248.055       +- 24.763290      

0.52           1              0.5            61644.596       +- 22.850773      
0.52           1              1              63129.250       +- 23.831526      
0.52           1              2              64246.945       +- 24.755170      

0.53           1              0.5            61649.605       +- 22.826175      
0.53           1              1              63134.659       +- 23.807691      
0.53           1              2              64252.676       +- 24.731904      

0.54           1              0.5            61649.050       +- 22.898012      
0.54           1              1              63134.091       +- 23.867458      
0.54           1              2              64252.137       +- 24.781278      

0.55           1              0.5            61645.972       +- 22.798676      
0.55           1              1              63131.486       +- 23.778299      
0.55           1              2              64249.938       +- 24.700713      

0.56           1              0.5            61646.800       +- 22.808933      
0.56           1              1              63133.188       +- 23.781541      
0.56           1              2              64252.409       +- 24.698819      

0.57           1              0.5            61646.933       +- 22.773729      
0.57           1              1              63133.655       +- 23.750895      
0.57           1              2              64253.181       +- 24.671040      

0.58           1              0.5            61644.548       +- 22.756583      
0.58           1              1              63131.760       +- 23.732125      
0.58           1              2              64251.732       +- 24.650891      

0.59           1              0.5            61645.684       +- 22.753133      
0.59           1              1              63133.249       +- 23.728303      
0.59           1              2              64253.528       +- 24.646673      

0.6            1              0.5            61640.832       +- 22.754946      
0.6            1              1              63128.951       +- 23.727675      
0.6            1              2              64249.742       +- 24.643843      

0.61           1              0.5            61640.634       +- 22.736145      
0.61           1              1              63129.360       +- 23.710559      
0.61           1              2              64250.690       +- 24.628140      

0.62           1              0.5            61642.102       +- 22.712000      
0.62           1              1              63131.186       +- 23.685359      
0.62           1              2              64252.839       +- 24.602090      

0.63           1              0.5            61643.273       +- 22.714027      
0.63           1              1              63132.764       +- 23.688433      
0.63           1              2              64254.760       +- 24.605599      

0.64           1              0.5            61640.831       +- 22.680998      
0.64           1              1              63130.768       +- 23.654820      
0.64           1              2              64253.167       +- 24.571421      

0.65           1              0.5            61642.653       +- 22.695258      
0.65           1              1              63133.379       +- 23.668757      
0.65           1              2              64256.464       +- 24.584827      

0.66           1              0.5            61643.282       +- 22.676430      
0.66           1              1              63134.291       +- 23.648397      
0.66           1              2              64257.604       +- 24.563269      

0.67           1              0.5            61643.789       +- 22.657815      
0.67           1              1              63135.286       +- 23.630663      
0.67           1              2              64259.032       +- 24.546366      

0.68           1              0.5            61640.708       +- 22.635505      
0.68           1              1              63132.632       +- 23.607016      
0.68           1              2              64256.781       +- 24.521379      

0.69           1              0.5            61641.262       +- 22.625037      
0.69           1              1              63133.708       +- 23.595695      
0.69           1              2              64258.307       +- 24.509299      

0.7            1              0.5            61636.961       +- 22.622867      
0.7            1              1              63129.790       +- 23.592117      
0.7            1              2              64254.738       +- 24.504445      

0.71           1              0.5            61637.267       +- 22.618139      
0.71           1              1              63130.634       +- 23.587237      
0.71           1              2              64256.047       +- 24.499352      

0.72           1              0.5            61633.953       +- 22.614713      
0.72           1              1              63127.513       +- 23.584983      
0.72           1              2              64253.106       +- 24.497995      

0.73           1              0.5            61635.417       +- 22.640604      
0.73           1              1              63129.409       +- 23.602071      
0.73           1              2              64255.334       +- 24.507472      

0.74           1              0.5            61631.442       +- 22.585359      
0.74           1              1              63125.964       +- 23.552365      
0.74           1              2              64252.367       +- 24.462599      

0.75           1              0.5            61634.959       +- 22.593701      
0.75           1              1              63130.103       +- 23.558653      
0.75           1              2              64257.035       +- 24.466848      

0.76           1              0.5            61630.239       +- 22.574485      
0.76           1              1              63125.880       +- 23.542124      
0.76           1              2              64253.282       +- 24.452860      

0.77           1              0.5            61628.175       +- 22.556416      
0.77           1              1              63124.148       +- 23.523024      
0.77           1              2              64251.854       +- 24.432805      

0.78           1              0.5            61627.014       +- 22.542918      
0.78           1              1              63123.434       +- 23.509164      
0.78           1              2              64251.542       +- 24.418490      

0.79           1              0.5            61622.194       +- 22.570047      
0.79           1              1              63118.798       +- 23.538005      
0.79           1              2              64247.084       +- 24.448719      

0.8            1              0.5            61622.831       +- 22.538988      
0.8            1              1              63120.140       +- 23.504597      
0.8            1              2              64249.045       +- 24.413357      

0.81           1              0.5            61623.100       +- 22.543147      
0.81           1              1              63120.928       +- 23.510676      
0.81           1              2              64250.268       +- 24.420981      

0.82           1              0.5            61616.163       +- 22.562502      
0.82           1              1              63114.146       +- 23.530170      
0.82           1              2              64243.638       +- 24.440465      

0.83           1              0.5            61615.405       +- 22.517502      
0.83           1              1              63113.909       +- 23.479448      
0.83           1              2              64243.852       +- 24.385081      

0.84           1              0.5            61615.608       +- 22.515084      
0.84           1              1              63114.369       +- 23.473776      
0.84           1              2              64244.547       +- 24.377409      

0.85           1              0.5            61614.994       +- 22.509375      
0.85           1              1              63114.512       +- 23.469120      
0.85           1              2              64245.349       +- 24.373369      

0.86           1              0.5            61613.192       +- 22.494171      
0.86           1              1              63112.933       +- 23.452924      
0.86           1              2              64243.979       +- 24.356306      

0.87           1              0.5            61610.351       +- 22.485614      
0.87           1              1              63110.701       +- 23.443907      
0.87           1              2              64242.295       +- 24.346812      

0.88           1              0.5            61608.287       +- 22.466991      
0.88           1              1              63109.269       +- 23.428120      
0.88           1              2              64241.411       +- 24.332696      

0.89           1              0.5            61610.089       +- 22.483909      
0.89           1              1              63111.451       +- 23.445151      
0.89           1              2              64243.904       +- 24.349474      

0.9            1              0.5            61607.088       +- 22.448885      
0.9            1              1              63108.714       +- 23.410359      
0.9            1              2              64241.420       +- 24.314976      

0.91           1              0.5            61606.970       +- 22.441393      
0.91           1              1              63108.990       +- 23.402827      
0.91           1              2              64242.030       +- 24.307387      

0.92           1              0.5            61606.872       +- 22.439302      
0.92           1              1              63109.381       +- 23.399259      
0.92           1              2              64242.836       +- 24.302525      

0.93           1              0.5            61603.242       +- 22.445576      
0.93           1              1              63106.030       +- 23.403528      
0.93           1              2              64239.759       +- 24.305034      

0.94           1              0.5            61601.971       +- 22.428543      
0.94           1              1              63105.251       +- 23.387068      
0.94           1              2              64239.398       +- 24.289078      

0.95           1              0.5            61598.010       +- 22.419061      
0.95           1              1              63101.823       +- 23.378523      
0.95           1              2              64236.454       +- 24.281263      

0.96           1              0.5            61600.954       +- 22.433097      
0.96           1              1              63105.626       +- 23.395585      
0.96           1              2              64241.000       +- 24.300843      

0.97           1              0.5            61598.416       +- 22.412488      
0.97           1              1              63103.431       +- 23.370664      
0.97           1              2              64239.092       +- 24.272109      

0.98           1              0.5            61593.090       +- 22.400356      
0.98           1              1              63098.497       +- 23.358393      
0.98           1              2              64234.535       +- 24.259726      

0.99           1              0.5            61591.397       +- 22.399760      
0.99           1              1              63097.269       +- 23.357856      
0.99           1              2              64233.712       +- 24.259099      

1              1              0.5            61587.449       +- 22.432836      
1              1              1              63093.573       +- 23.390034      
1              1              2              64230.259       +- 24.290334      
