                0          -68.017054       0.448793
                5          -108.78169       0.658461
               10          -48.698059       0.673053
               15           18.840846       0.706071
               20           64.323022       0.544621
               25           88.786905       0.475998
               30           99.052622       0.427826
               35           100.65980       0.365530
               40           96.028984       0.325852
               45           89.557189       0.289950
               50           81.439326       0.257570
               55           72.854085       0.233357
               60           65.607152       0.210122
               65           58.132690       0.187664
               70           51.237648       0.172437
               75           45.086614       0.157769
               80           39.737192       0.142864
               85           34.951406       0.128667
               90           30.710756       0.119418
               95           26.925798       0.109916
              100           23.547811       0.102700
              105           20.863235      0.0934897
              110           18.244523      0.0874865
              115           16.087876      0.0826239
              120           14.126961      0.0878570
              125           12.680036      0.0701160
              130           11.263072      0.0643274
              135           9.8278044      0.0601240
              140           8.9703345      0.0860594
              145           7.9933321      0.0518993
              150           7.0789321      0.0484129
              155           6.2990606      0.0463103
              160           5.6615058      0.0471696
              165           5.1542532      0.0400103
              170           4.6026224      0.0427520
              175           4.0383869      0.0347090
              180           3.7364540      0.0332296
              185           3.3247372      0.0323551
              190           3.0878881      0.0301497
              195           2.7770801      0.0287915
              200           2.5451401      0.0264313
              205           2.2713458      0.0277666
              210           2.0535300      0.0268324
              215           1.8601896      0.0239109
              220           1.6789770      0.0221980
              225           1.5741728      0.0207694
              230           1.4287334      0.0196836
              235           1.3484458      0.0178315
              240           1.1965182      0.0176082
              245           1.1177881      0.0165512
              250           1.0318422      0.0151378
              255          0.91927980      0.0146937
              260          0.85387426      0.0141569
              265          0.76540684      0.0139234
              270          0.74443172      0.0132816
              275          0.69996079      0.0131430
              280          0.60623515      0.0121750
              285          0.58483539      0.0122186
              290          0.56229457      0.0108213
              295          0.50337607      0.0106459
              300          0.48131861     0.00954107
              305          0.42377268     0.00944582
              310          0.41419976     0.00937601
              315          0.38640164     0.00856908
              320          0.35626557     0.00867701
              325          0.32500414     0.00755639
              330          0.31369464     0.00767733
              335          0.27660002     0.00749653
              340          0.25674799     0.00658651
              345          0.24504915     0.00673268
              350          0.22343639     0.00674071
              355          0.21373517     0.00699245
              360          0.20737499     0.00655389
              365          0.18415975     0.00577372
              370          0.17164733     0.00555191
              375          0.15901743     0.00642324
              380          0.15492322     0.00511578
              385          0.14875212     0.00493836
              390          0.13796273     0.00548965
              395          0.13090882     0.00833118
              400          0.11366165     0.00434236
              405          0.10866492     0.00409888
              410          0.10393932     0.00420335
              415         0.099636287     0.00394784
              420         0.091511701     0.00371457
              425         0.095623232     0.00426959
              430         0.094007485     0.00398232
              435         0.076534297     0.00366403
              440         0.075334626     0.00343432
              445         0.067886296     0.00338697
              450         0.064134062     0.00365961
              455         0.063195320     0.00335126
              460         0.055182866     0.00420058
              465         0.051806617     0.00277471
              470         0.055278510     0.00293649
              475         0.048406270     0.00315189
              480         0.055364646     0.00376868
              485         0.045027973     0.00255515
              490         0.042022450     0.00283997
              495         0.045422171     0.00244138
              500         0.041393069     0.00241448
              505         0.032549715     0.00238694
              510         0.036154441     0.00279238
              515         0.030791417     0.00239655
              520         0.028155332     0.00287037
              525         0.032027338     0.00295287
              530         0.028537610     0.00204981
              535         0.028782209     0.00207826
              540         0.027596775     0.00201868
              545         0.019109170     0.00219819
              550         0.025158335     0.00175961
              555         0.024295837     0.00250279
              560         0.018017549     0.00161377
              565         0.018431398     0.00179932
              570         0.022503199     0.00194907
              575         0.020733164     0.00200539
              580         0.017505217     0.00137314
              585         0.016071996     0.00147593
              590         0.015414871     0.00146803
              595         0.014710223     0.00148603
              600         0.017238689     0.00151865
              605         0.015719007     0.00213467
              610         0.013728856     0.00126727
              615         0.013070511     0.00118480
              620         0.012866734     0.00132967
              625         0.011111144     0.00142173
              630         0.010463575     0.00117516
              635         0.011903684     0.00116889
              640         0.010776751     0.00143448
              645         0.013039465     0.00135077
              650        0.0087888492     0.00110500
              655        0.0079216353    0.000911530
              660        0.0079552734     0.00122040
              665        0.0084461237     0.00131023
              670        0.0085458182     0.00124180
              675        0.0074835485     0.00139832
              680        0.0061154713     0.00104106
              685        0.0086808676    0.000963369
              690        0.0062119011    0.000901502
              695        0.0057297083     0.00101708
              700        0.0065668173    0.000857130
              705        0.0068606268    0.000782184
              710        0.0061575017    0.000843280
              715        0.0049983145    0.000812643
              720        0.0040174836    0.000932421
              725        0.0054501916    0.000714908
              730        0.0062009664    0.000792301
              735        0.0050062025    0.000633952
              740        0.0041165416    0.000670159
              745        0.0052659561    0.000712898
              750        0.0044404370    0.000833364
              755        0.0044299999    0.000593102
              760        0.0049808329    0.000772003
              765        0.0040856384    0.000841588
              770        0.0020555556    0.000801411
              775        0.0033971872    0.000629740
              780        0.0034417308    0.000512206
              785        0.0026612099    0.000462026
              790        0.0028386783    0.000554727
              795        0.0033643577    0.000487596
              800        0.0029175295    0.000483237
              805        0.0027434611    0.000433989
              810        0.0034952311    0.000597693
              815        0.0025990445    0.000449830
              820        0.0026768940    0.000377835
              825        0.0027065244    0.000409805
              830        0.0020058801    0.000364516
              835        0.0024875860    0.000424714
              840        0.0029479022    0.000985432
              845        0.0010082407    0.000965023
              850        0.0019564883    0.000342955
              855        0.0021557884    0.000355179
              860        0.0017082174    0.000326640
              865        0.0018393243    0.000309249
              870        0.0026903714    0.000857526
              875        0.0020500035    0.000306695
              880        0.0018527689    0.000366773
              885        0.0014626998    0.000734341
              890        0.0017385899    0.000347042
              895        0.0016923629    0.000273560
              900        0.0013706995    0.000298060
              905        0.0011736044    0.000291820
              910        0.0011182934    0.000241849
              915        0.0010386565    0.000275159
              920        0.0010641449    0.000228412
              925       0.00084327886    0.000212612
              930        0.0016557726    0.000251457
              935       0.00099586672    0.000207790
              940        0.0010121705    0.000222780
              945       0.00096835699    0.000225472
              950        0.0012180024    0.000266137
              955        0.0012436992    0.000199282
              960        0.0011086989    0.000314697
              965        0.0012847622    0.000345643
              970       0.00078733080    0.000218950
              975        0.0013449671    0.000275462
              980       0.00048798767    0.000283527
              985       0.00061238894    0.000192609
              990       0.00087877162    0.000174935
              995       0.00039159076    0.000244500
