           bin (pT_bb)   qTcut           contribution/subprocess            dsigma +-            error     chi2_dof   n_run [total]   (removed)   events / bin

         0          50   0.01            NLO.QT.32.CT.QCD              -107704.634 +-            6.632
--------------------------------------------------------------------------------------------------------------------------------------------------------------
         0          50   0.01            ud~_epvebb~                   -107704.634 +-            6.632        1.111       0 [    7]      (   0)      271383451

         0          50   0.05            NLO.QT.32.CT.QCD              -73701.5877 +-           4.5917
--------------------------------------------------------------------------------------------------------------------------------------------------------------
         0          50   0.05            ud~_epvebb~                   -73701.5877 +-           4.5917        1.114       0 [    7]      (   0)      271383451

         0          50   0.1             NLO.QT.32.CT.QCD              -61038.1024 +-           3.8319
--------------------------------------------------------------------------------------------------------------------------------------------------------------
         0          50   0.1             ud~_epvebb~                   -61038.1024 +-           3.8319        1.114       0 [    7]      (   0)      271383451

         0          50   0.15            NLO.QT.32.CT.QCD              -54183.2937 +-           3.4205
--------------------------------------------------------------------------------------------------------------------------------------------------------------
         0          50   0.15            ud~_epvebb~                   -54183.2937 +-           3.4205        1.113       0 [    7]      (   0)      271383451

         0          50   0.2             NLO.QT.32.CT.QCD              -49567.2228 +-           3.1435
--------------------------------------------------------------------------------------------------------------------------------------------------------------
         0          50   0.2             ud~_epvebb~                   -49567.2228 +-           3.1435        1.113       0 [    7]      (   0)      271383451

         0          50   0.25            NLO.QT.32.CT.QCD              -46128.2003 +-           2.9371
--------------------------------------------------------------------------------------------------------------------------------------------------------------
         0          50   0.25            ud~_epvebb~                   -46128.2003 +-           2.9371        1.112       0 [    7]      (   0)      271383451

         0          50   0.5             NLO.QT.32.CT.QCD              -36233.9963 +-           2.3429
--------------------------------------------------------------------------------------------------------------------------------------------------------------
         0          50   0.5             ud~_epvebb~                   -36233.9963 +-           2.3429        1.109       0 [    7]      (   0)      271383451

==============================================================================================================================================================

        50         100   0.01            NLO.QT.32.CT.QCD              -12608.6274 +-           2.9448
--------------------------------------------------------------------------------------------------------------------------------------------------------------
        50         100   0.01            ud~_epvebb~                   -12608.6274 +-           2.9448        1.097       0 [    7]      (   0)       27646196

        50         100   0.05            NLO.QT.32.CT.QCD              -8898.80087 +-          2.08417
--------------------------------------------------------------------------------------------------------------------------------------------------------------
        50         100   0.05            ud~_epvebb~                   -8898.80087 +-          2.08417        1.108       0 [    7]      (   0)       27646196

        50         100   0.1             NLO.QT.32.CT.QCD              -7497.62455 +-          1.75902
--------------------------------------------------------------------------------------------------------------------------------------------------------------
        50         100   0.1             ud~_epvebb~                   -7497.62455 +-          1.75902        1.114       0 [    7]      (   0)       27646196

        50         100   0.15            NLO.QT.32.CT.QCD              -6732.84942 +-          1.58151
--------------------------------------------------------------------------------------------------------------------------------------------------------------
        50         100   0.15            ud~_epvebb~                   -6732.84942 +-          1.58151        1.117       0 [    7]      (   0)       27646196

        50         100   0.2             NLO.QT.32.CT.QCD              -6214.79206 +-          1.46124
--------------------------------------------------------------------------------------------------------------------------------------------------------------
        50         100   0.2             ud~_epvebb~                   -6214.79206 +-          1.46124        1.120       0 [    7]      (   0)       27646196

        50         100   0.25            NLO.QT.32.CT.QCD              -5826.99506 +-          1.37120
--------------------------------------------------------------------------------------------------------------------------------------------------------------
        50         100   0.25            ud~_epvebb~                   -5826.99506 +-          1.37120        1.122       0 [    7]      (   0)       27646196

        50         100   0.5             NLO.QT.32.CT.QCD              -4700.62293 +-          1.10957
--------------------------------------------------------------------------------------------------------------------------------------------------------------
        50         100   0.5             ud~_epvebb~                   -4700.62293 +-          1.10957        1.130       0 [    7]      (   0)       27646196

==============================================================================================================================================================

       100         150   0.01            NLO.QT.32.CT.QCD              -2024.30043 +-          1.08346
--------------------------------------------------------------------------------------------------------------------------------------------------------------
       100         150   0.01            ud~_epvebb~                   -2024.30043 +-          1.08346        1.427       0 [    7]      (   0)        5919072

       100         150   0.05            NLO.QT.32.CT.QCD              -1443.63979 +-          0.77412
--------------------------------------------------------------------------------------------------------------------------------------------------------------
       100         150   0.05            ud~_epvebb~                   -1443.63979 +-          0.77412        1.433       0 [    7]      (   0)        5919072

       100         150   0.1             NLO.QT.32.CT.QCD              -1223.17001 +-          0.65663
--------------------------------------------------------------------------------------------------------------------------------------------------------------
       100         150   0.1             ud~_epvebb~                   -1223.17001 +-          0.65663        1.437       0 [    7]      (   0)        5919072

       100         150   0.15            NLO.QT.32.CT.QCD              -1102.46695 +-          0.59230
--------------------------------------------------------------------------------------------------------------------------------------------------------------
       100         150   0.15            ud~_epvebb~                   -1102.46695 +-          0.59230        1.439       0 [    7]      (   0)        5919072

       100         150   0.2             NLO.QT.32.CT.QCD              -1020.52608 +-          0.54862
--------------------------------------------------------------------------------------------------------------------------------------------------------------
       100         150   0.2             ud~_epvebb~                   -1020.52608 +-          0.54862        1.440       0 [    7]      (   0)        5919072

       100         150   0.25            NLO.QT.32.CT.QCD              -959.082553 +-         0.515859
--------------------------------------------------------------------------------------------------------------------------------------------------------------
       100         150   0.25            ud~_epvebb~                   -959.082553 +-         0.515859        1.442       0 [    7]      (   0)        5919072

       100         150   0.5             NLO.QT.32.CT.QCD              -780.006193 +-         0.420353
--------------------------------------------------------------------------------------------------------------------------------------------------------------
       100         150   0.5             ud~_epvebb~                   -780.006193 +-         0.420353        1.446       0 [    7]      (   0)        5919072

==============================================================================================================================================================

       150         200   0.01            NLO.QT.32.CT.QCD              -520.372570 +-         0.510902
--------------------------------------------------------------------------------------------------------------------------------------------------------------
       150         200   0.01            ud~_epvebb~                   -520.372570 +-         0.510902       0.9417       0 [    7]      (   0)        1936650

       150         200   0.05            NLO.QT.32.CT.QCD              -373.130607 +-         0.366862
--------------------------------------------------------------------------------------------------------------------------------------------------------------
       150         200   0.05            ud~_epvebb~                   -373.130607 +-         0.366862       0.9297       0 [    7]      (   0)        1936650

       150         200   0.1             NLO.QT.32.CT.QCD              -317.063731 +-         0.312004
--------------------------------------------------------------------------------------------------------------------------------------------------------------
       150         200   0.1             ud~_epvebb~                   -317.063731 +-         0.312004       0.9232       0 [    7]      (   0)        1936650

       150         200   0.15            NLO.QT.32.CT.QCD              -286.317238 +-         0.281915
--------------------------------------------------------------------------------------------------------------------------------------------------------------
       150         200   0.15            ud~_epvebb~                   -286.317238 +-         0.281915       0.9189       0 [    7]      (   0)        1936650

       150         200   0.2             NLO.QT.32.CT.QCD              -265.420213 +-         0.261463
--------------------------------------------------------------------------------------------------------------------------------------------------------------
       150         200   0.2             ud~_epvebb~                   -265.420213 +-         0.261463       0.9157       0 [    7]      (   0)        1936650

       150         200   0.25            NLO.QT.32.CT.QCD              -249.735985 +-         0.246111
--------------------------------------------------------------------------------------------------------------------------------------------------------------
       150         200   0.25            ud~_epvebb~                   -249.735985 +-         0.246111       0.9130       0 [    7]      (   0)        1936650

       150         200   0.5             NLO.QT.32.CT.QCD              -203.940635 +-         0.201274
--------------------------------------------------------------------------------------------------------------------------------------------------------------
       150         200   0.5             ud~_epvebb~                   -203.940635 +-         0.201274       0.9037       0 [    7]      (   0)        1936650

==============================================================================================================================================================

       200         250   0.01            NLO.QT.32.CT.QCD              -176.574592 +-         0.285360
--------------------------------------------------------------------------------------------------------------------------------------------------------------
       200         250   0.01            ud~_epvebb~                   -176.574592 +-         0.285360       0.4501       0 [    7]      (   0)         777224

       200         250   0.05            NLO.QT.32.CT.QCD              -127.057912 +-         0.205489
--------------------------------------------------------------------------------------------------------------------------------------------------------------
       200         250   0.05            ud~_epvebb~                   -127.057912 +-         0.205489       0.4589       0 [    7]      (   0)         777224

       200         250   0.1             NLO.QT.32.CT.QCD              -108.166992 +-         0.175021
--------------------------------------------------------------------------------------------------------------------------------------------------------------
       200         250   0.1             ud~_epvebb~                   -108.166992 +-         0.175021       0.4635       0 [    7]      (   0)         777224

       200         250   0.15            NLO.QT.32.CT.QCD              -97.7960652 +-        0.1582942
--------------------------------------------------------------------------------------------------------------------------------------------------------------
       200         250   0.15            ud~_epvebb~                   -97.7960652 +-        0.1582942       0.4665       0 [    7]      (   0)         777224

       200         250   0.2             NLO.QT.32.CT.QCD              -90.7419912 +-        0.1469171
--------------------------------------------------------------------------------------------------------------------------------------------------------------
       200         250   0.2             ud~_epvebb~                   -90.7419912 +-        0.1469171       0.4688       0 [    7]      (   0)         777224

       200         250   0.25            NLO.QT.32.CT.QCD              -85.4443358 +-        0.1383727
--------------------------------------------------------------------------------------------------------------------------------------------------------------
       200         250   0.25            ud~_epvebb~                   -85.4443358 +-        0.1383727       0.4706       0 [    7]      (   0)         777224

       200         250   0.5             NLO.QT.32.CT.QCD              -69.9574527 +-        0.1133931
--------------------------------------------------------------------------------------------------------------------------------------------------------------
       200         250   0.5             ud~_epvebb~                   -69.9574527 +-        0.1133931       0.4771       0 [    7]      (   0)         777224

==============================================================================================================================================================

       250         300   0.01            NLO.QT.32.CT.QCD              -72.0054952 +-        0.1759775
--------------------------------------------------------------------------------------------------------------------------------------------------------------
       250         300   0.01            ud~_epvebb~                   -72.0054952 +-        0.1759775       0.2853       0 [    7]      (   0)         369606

       250         300   0.05            NLO.QT.32.CT.QCD              -51.9495993 +-        0.1270756
--------------------------------------------------------------------------------------------------------------------------------------------------------------
       250         300   0.05            ud~_epvebb~                   -51.9495993 +-        0.1270756       0.2789       0 [    7]      (   0)         369606

       250         300   0.1             NLO.QT.32.CT.QCD              -44.2870495 +-        0.1083906
--------------------------------------------------------------------------------------------------------------------------------------------------------------
       250         300   0.1             ud~_epvebb~                   -44.2870495 +-        0.1083906       0.2756       0 [    7]      (   0)         369606

       250         300   0.15            NLO.QT.32.CT.QCD              -40.0768885 +-        0.0981233
--------------------------------------------------------------------------------------------------------------------------------------------------------------
       250         300   0.15            ud~_epvebb~                   -40.0768885 +-        0.0981233       0.2735       0 [    7]      (   0)         369606

       250         300   0.2             NLO.QT.32.CT.QCD              -37.2115624 +-        0.0911352
--------------------------------------------------------------------------------------------------------------------------------------------------------------
       250         300   0.2             ud~_epvebb~                   -37.2115624 +-        0.0911352       0.2719       0 [    7]      (   0)         369606

       250         300   0.25            NLO.QT.32.CT.QCD              -35.0586891 +-        0.0858844
--------------------------------------------------------------------------------------------------------------------------------------------------------------
       250         300   0.25            ud~_epvebb~                   -35.0586891 +-        0.0858844       0.2706       0 [    7]      (   0)         369606

       250         300   0.5             NLO.QT.32.CT.QCD              -28.7593712 +-        0.0705181
--------------------------------------------------------------------------------------------------------------------------------------------------------------
       250         300   0.5             ud~_epvebb~                   -28.7593712 +-        0.0705181       0.2662       0 [    7]      (   0)         369606

==============================================================================================================================================================

       300         350   0.01            NLO.QT.32.CT.QCD              -33.0264231 +-        0.1166526
--------------------------------------------------------------------------------------------------------------------------------------------------------------
       300         350   0.01            ud~_epvebb~                   -33.0264231 +-        0.1166526       0.7719       0 [    7]      (   0)         190842

       300         350   0.05            NLO.QT.32.CT.QCD              -23.8764470 +-        0.0842931
--------------------------------------------------------------------------------------------------------------------------------------------------------------
       300         350   0.05            ud~_epvebb~                   -23.8764470 +-        0.0842931       0.7777       0 [    7]      (   0)         190842

       300         350   0.1             NLO.QT.32.CT.QCD              -20.3766018 +-        0.0719240
--------------------------------------------------------------------------------------------------------------------------------------------------------------
       300         350   0.1             ud~_epvebb~                   -20.3766018 +-        0.0719240       0.7806       0 [    7]      (   0)         190842

       300         350   0.15            NLO.QT.32.CT.QCD              -18.4523632 +-        0.0651259
--------------------------------------------------------------------------------------------------------------------------------------------------------------
       300         350   0.15            ud~_epvebb~                   -18.4523632 +-        0.0651259       0.7825       0 [    7]      (   0)         190842

       300         350   0.2             NLO.QT.32.CT.QCD              -17.1421755 +-        0.0604982
--------------------------------------------------------------------------------------------------------------------------------------------------------------
       300         350   0.2             ud~_epvebb~                   -17.1421755 +-        0.0604982       0.7840       0 [    7]      (   0)         190842

       300         350   0.25            NLO.QT.32.CT.QCD              -16.1574031 +-        0.0570205
--------------------------------------------------------------------------------------------------------------------------------------------------------------
       300         350   0.25            ud~_epvebb~                   -16.1574031 +-        0.0570205       0.7851       0 [    7]      (   0)         190842

       300         350   0.5             NLO.QT.32.CT.QCD              -13.2738946 +-        0.0468410
--------------------------------------------------------------------------------------------------------------------------------------------------------------
       300         350   0.5             ud~_epvebb~                   -13.2738946 +-        0.0468410       0.7891       0 [    7]      (   0)         190842

==============================================================================================================================================================

       350         400   0.01            NLO.QT.32.CT.QCD              -16.9001666 +-        0.0853135
--------------------------------------------------------------------------------------------------------------------------------------------------------------
       350         400   0.01            ud~_epvebb~                   -16.9001666 +-        0.0853135       0.3992       0 [    7]      (   0)         106498

       350         400   0.05            NLO.QT.32.CT.QCD              -12.2396489 +-        0.0617418
--------------------------------------------------------------------------------------------------------------------------------------------------------------
       350         400   0.05            ud~_epvebb~                   -12.2396489 +-        0.0617418       0.3945       0 [    7]      (   0)         106498

       350         400   0.1             NLO.QT.32.CT.QCD              -10.4552277 +-        0.0527236
--------------------------------------------------------------------------------------------------------------------------------------------------------------
       350         400   0.1             ud~_epvebb~                   -10.4552277 +-        0.0527236       0.3921       0 [    7]      (   0)         106498

       350         400   0.15            NLO.QT.32.CT.QCD              -9.47358030 +-       0.04776464
--------------------------------------------------------------------------------------------------------------------------------------------------------------
       350         400   0.15            ud~_epvebb~                   -9.47358030 +-       0.04776464       0.3906       0 [    7]      (   0)         106498

       350         400   0.2             NLO.QT.32.CT.QCD              -8.80492311 +-       0.04438771
--------------------------------------------------------------------------------------------------------------------------------------------------------------
       350         400   0.2             ud~_epvebb~                   -8.80492311 +-       0.04438771       0.3894       0 [    7]      (   0)         106498

       350         400   0.25            NLO.QT.32.CT.QCD              -8.30218333 +-       0.04184927
--------------------------------------------------------------------------------------------------------------------------------------------------------------
       350         400   0.25            ud~_epvebb~                   -8.30218333 +-       0.04184927       0.3885       0 [    7]      (   0)         106498

       350         400   0.5             NLO.QT.32.CT.QCD              -6.82919862 +-       0.03441480
--------------------------------------------------------------------------------------------------------------------------------------------------------------
       350         400   0.5             ud~_epvebb~                   -6.82919862 +-       0.03441480       0.3854       0 [    7]      (   0)         106498

==============================================================================================================================================================

       400         450   0.01            NLO.QT.32.CT.QCD              -9.02810911 +-       0.05705934
--------------------------------------------------------------------------------------------------------------------------------------------------------------
       400         450   0.01            ud~_epvebb~                   -9.02810911 +-       0.05705934        1.563       0 [    7]      (   0)          65968

       400         450   0.05            NLO.QT.32.CT.QCD              -6.54718796 +-       0.04139372
--------------------------------------------------------------------------------------------------------------------------------------------------------------
       400         450   0.05            ud~_epvebb~                   -6.54718796 +-       0.04139372        1.532       0 [    7]      (   0)          65968

       400         450   0.1             NLO.QT.32.CT.QCD              -5.59656928 +-       0.03539194
--------------------------------------------------------------------------------------------------------------------------------------------------------------
       400         450   0.1             ud~_epvebb~                   -5.59656928 +-       0.03539194        1.516       0 [    7]      (   0)          65968

       400         450   0.15            NLO.QT.32.CT.QCD              -5.07338730 +-       0.03208898
--------------------------------------------------------------------------------------------------------------------------------------------------------------
       400         450   0.15            ud~_epvebb~                   -5.07338730 +-       0.03208898        1.506       0 [    7]      (   0)          65968

       400         450   0.2             NLO.QT.32.CT.QCD              -4.71690964 +-       0.02983851
--------------------------------------------------------------------------------------------------------------------------------------------------------------
       400         450   0.2             ud~_epvebb~                   -4.71690964 +-       0.02983851        1.498       0 [    7]      (   0)          65968

       400         450   0.25            NLO.QT.32.CT.QCD              -4.44882238 +-       0.02814609
--------------------------------------------------------------------------------------------------------------------------------------------------------------
       400         450   0.25            ud~_epvebb~                   -4.44882238 +-       0.02814609        1.491       0 [    7]      (   0)          65968

       400         450   0.5             NLO.QT.32.CT.QCD              -3.66298016 +-       0.02318514
--------------------------------------------------------------------------------------------------------------------------------------------------------------
       400         450   0.5             ud~_epvebb~                   -3.66298016 +-       0.02318514        1.469       0 [    7]      (   0)          65968

==============================================================================================================================================================

       450         500   0.01            NLO.QT.32.CT.QCD              -5.15062284 +-       0.04288506
--------------------------------------------------------------------------------------------------------------------------------------------------------------
       450         500   0.01            ud~_epvebb~                   -5.15062284 +-       0.04288506       0.2875       0 [    7]      (   0)          39574

       450         500   0.05            NLO.QT.32.CT.QCD              -3.73987374 +-       0.03114615
--------------------------------------------------------------------------------------------------------------------------------------------------------------
       450         500   0.05            ud~_epvebb~                   -3.73987374 +-       0.03114615       0.2848       0 [    7]      (   0)          39574

       450         500   0.1             NLO.QT.32.CT.QCD              -3.19892970 +-       0.02664575
--------------------------------------------------------------------------------------------------------------------------------------------------------------
       450         500   0.1             ud~_epvebb~                   -3.19892970 +-       0.02664575       0.2835       0 [    7]      (   0)          39574

       450         500   0.15            NLO.QT.32.CT.QCD              -2.90109528 +-       0.02416810
--------------------------------------------------------------------------------------------------------------------------------------------------------------
       450         500   0.15            ud~_epvebb~                   -2.90109528 +-       0.02416810       0.2826       0 [    7]      (   0)          39574

       450         500   0.2             NLO.QT.32.CT.QCD              -2.69810400 +-       0.02247952
--------------------------------------------------------------------------------------------------------------------------------------------------------------
       450         500   0.2             ud~_epvebb~                   -2.69810400 +-       0.02247952       0.2820       0 [    7]      (   0)          39574

       450         500   0.25            NLO.QT.32.CT.QCD              -2.54541122 +-       0.02120938
--------------------------------------------------------------------------------------------------------------------------------------------------------------
       450         500   0.25            ud~_epvebb~                   -2.54541122 +-       0.02120938       0.2815       0 [    7]      (   0)          39574

       450         500   0.5             NLO.QT.32.CT.QCD              -2.09762748 +-       0.01748473
--------------------------------------------------------------------------------------------------------------------------------------------------------------
       450         500   0.5             ud~_epvebb~                   -2.09762748 +-       0.01748473       0.2798       0 [    7]      (   0)          39574

==============================================================================================================================================================

       500         550   0.01            NLO.QT.32.CT.QCD              -3.05980699 +-       0.03432719
--------------------------------------------------------------------------------------------------------------------------------------------------------------
       500         550   0.01            ud~_epvebb~                   -3.05980699 +-       0.03432719       0.3500       0 [    7]      (   0)          26401

       500         550   0.05            NLO.QT.32.CT.QCD              -2.22433761 +-       0.02498480
--------------------------------------------------------------------------------------------------------------------------------------------------------------
       500         550   0.05            ud~_epvebb~                   -2.22433761 +-       0.02498480       0.3552       0 [    7]      (   0)          26401

       500         550   0.1             NLO.QT.32.CT.QCD              -1.90376437 +-       0.02139847
--------------------------------------------------------------------------------------------------------------------------------------------------------------
       500         550   0.1             ud~_epvebb~                   -1.90376437 +-       0.02139847       0.3578       0 [    7]      (   0)          26401

       500         550   0.15            NLO.QT.32.CT.QCD              -1.72719426 +-       0.01942259
--------------------------------------------------------------------------------------------------------------------------------------------------------------
       500         550   0.15            ud~_epvebb~                   -1.72719426 +-       0.01942259       0.3596       0 [    7]      (   0)          26401

       500         550   0.2             NLO.QT.32.CT.QCD              -1.60681921 +-       0.01807528
--------------------------------------------------------------------------------------------------------------------------------------------------------------
       500         550   0.2             ud~_epvebb~                   -1.60681921 +-       0.01807528       0.3609       0 [    7]      (   0)          26401

       500         550   0.25            NLO.QT.32.CT.QCD              -1.51625222 +-       0.01706144
--------------------------------------------------------------------------------------------------------------------------------------------------------------
       500         550   0.25            ud~_epvebb~                   -1.51625222 +-       0.01706144       0.3619       0 [    7]      (   0)          26401

       500         550   0.5             NLO.QT.32.CT.QCD              -1.25054668 +-       0.01408601
--------------------------------------------------------------------------------------------------------------------------------------------------------------
       500         550   0.5             ud~_epvebb~                   -1.25054668 +-       0.01408601       0.3656       0 [    7]      (   0)          26401

==============================================================================================================================================================

       550         600   0.01            NLO.QT.32.CT.QCD              -1.87252754 +-       0.02539937
--------------------------------------------------------------------------------------------------------------------------------------------------------------
       550         600   0.01            ud~_epvebb~                   -1.87252754 +-       0.02539937       0.5550       0 [    7]      (   0)          16798

       550         600   0.05            NLO.QT.32.CT.QCD              -1.36185186 +-       0.01846228
--------------------------------------------------------------------------------------------------------------------------------------------------------------
       550         600   0.05            ud~_epvebb~                   -1.36185186 +-       0.01846228       0.5506       0 [    7]      (   0)          16798

       550         600   0.1             NLO.QT.32.CT.QCD              -1.16585234 +-       0.01580142
--------------------------------------------------------------------------------------------------------------------------------------------------------------
       550         600   0.1             ud~_epvebb~                   -1.16585234 +-       0.01580142       0.5482       0 [    7]      (   0)          16798

       550         600   0.15            NLO.QT.32.CT.QCD              -1.05788081 +-       0.01433608
--------------------------------------------------------------------------------------------------------------------------------------------------------------
       550         600   0.15            ud~_epvebb~                   -1.05788081 +-       0.01433608       0.5467       0 [    7]      (   0)          16798

       550         600   0.2             NLO.QT.32.CT.QCD              -0.98426461 +-       0.01333722
--------------------------------------------------------------------------------------------------------------------------------------------------------------
       550         600   0.2             ud~_epvebb~                   -0.98426461 +-       0.01333722       0.5456       0 [    7]      (   0)          16798

       550         600   0.25            NLO.QT.32.CT.QCD              -0.92887322 +-       0.01258576
--------------------------------------------------------------------------------------------------------------------------------------------------------------
       550         600   0.25            ud~_epvebb~                   -0.92887322 +-       0.01258576       0.5446       0 [    7]      (   0)          16798

       550         600   0.5             NLO.QT.32.CT.QCD              -0.76633992 +-       0.01038146
--------------------------------------------------------------------------------------------------------------------------------------------------------------
       550         600   0.5             ud~_epvebb~                   -0.76633992 +-       0.01038146       0.5414       0 [    7]      (   0)          16798

==============================================================================================================================================================

       600         650   0.01            NLO.QT.32.CT.QCD              -1.21116812 +-       0.02254660
--------------------------------------------------------------------------------------------------------------------------------------------------------------
       600         650   0.01            ud~_epvebb~                   -1.21116812 +-       0.02254660       0.2645       0 [    7]      (   0)          13986

       600         650   0.05            NLO.QT.32.CT.QCD              -0.88136559 +-       0.01624278
--------------------------------------------------------------------------------------------------------------------------------------------------------------
       600         650   0.05            ud~_epvebb~                   -0.88136559 +-       0.01624278       0.2653       0 [    7]      (   0)          13986

       600         650   0.1             NLO.QT.32.CT.QCD              -0.75474356 +-       0.01383764
--------------------------------------------------------------------------------------------------------------------------------------------------------------
       600         650   0.1             ud~_epvebb~                   -0.75474356 +-       0.01383764       0.2659       0 [    7]      (   0)          13986

       600         650   0.15            NLO.QT.32.CT.QCD              -0.68497718 +-       0.01251713
--------------------------------------------------------------------------------------------------------------------------------------------------------------
       600         650   0.15            ud~_epvebb~                   -0.68497718 +-       0.01251713       0.2664       0 [    7]      (   0)          13986

       600         650   0.2             NLO.QT.32.CT.QCD              -0.63740337 +-       0.01161887
--------------------------------------------------------------------------------------------------------------------------------------------------------------
       600         650   0.2             ud~_epvebb~                   -0.63740337 +-       0.01161887       0.2668       0 [    7]      (   0)          13986

       600         650   0.25            NLO.QT.32.CT.QCD              -0.60160342 +-       0.01094423
--------------------------------------------------------------------------------------------------------------------------------------------------------------
       600         650   0.25            ud~_epvebb~                   -0.60160342 +-       0.01094423       0.2672       0 [    7]      (   0)          13986

       600         650   0.5             NLO.QT.32.CT.QCD              -0.49653515 +-       0.00897169
--------------------------------------------------------------------------------------------------------------------------------------------------------------
       600         650   0.5             ud~_epvebb~                   -0.49653515 +-       0.00897169       0.2686       0 [    7]      (   0)          13986

==============================================================================================================================================================

       650         700   0.01            NLO.QT.32.CT.QCD              -0.77218124 +-       0.01230841
--------------------------------------------------------------------------------------------------------------------------------------------------------------
       650         700   0.01            ud~_epvebb~                   -0.77218124 +-       0.01230841       0.6474       0 [    7]      (   0)          11838

       650         700   0.05            NLO.QT.32.CT.QCD              -0.56266009 +-       0.00896695
--------------------------------------------------------------------------------------------------------------------------------------------------------------
       650         700   0.05            ud~_epvebb~                   -0.56266009 +-       0.00896695       0.6469       0 [    7]      (   0)          11838

       650         700   0.1             NLO.QT.32.CT.QCD              -0.48215568 +-       0.00768351
--------------------------------------------------------------------------------------------------------------------------------------------------------------
       650         700   0.1             ud~_epvebb~                   -0.48215568 +-       0.00768351       0.6467       0 [    7]      (   0)          11838

       650         700   0.15            NLO.QT.32.CT.QCD              -0.43777974 +-       0.00697618
--------------------------------------------------------------------------------------------------------------------------------------------------------------
       650         700   0.15            ud~_epvebb~                   -0.43777974 +-       0.00697618       0.6466       0 [    7]      (   0)          11838

       650         700   0.2             NLO.QT.32.CT.QCD              -0.40751043 +-       0.00649376
--------------------------------------------------------------------------------------------------------------------------------------------------------------
       650         700   0.2             ud~_epvebb~                   -0.40751043 +-       0.00649376       0.6465       0 [    7]      (   0)          11838

       650         700   0.25            NLO.QT.32.CT.QCD              -0.38472684 +-       0.00613067
--------------------------------------------------------------------------------------------------------------------------------------------------------------
       650         700   0.25            ud~_epvebb~                   -0.38472684 +-       0.00613067       0.6464       0 [    7]      (   0)          11838

       650         700   0.5             NLO.QT.32.CT.QCD              -0.31782823 +-       0.00506473
--------------------------------------------------------------------------------------------------------------------------------------------------------------
       650         700   0.5             ud~_epvebb~                   -0.31782823 +-       0.00506473       0.6461       0 [    7]      (   0)          11838

==============================================================================================================================================================

       700         750   0.01            NLO.QT.32.CT.QCD              -0.50934228 +-       0.00945093
--------------------------------------------------------------------------------------------------------------------------------------------------------------
       700         750   0.01            ud~_epvebb~                   -0.50934228 +-       0.00945093       0.8920       0 [    7]      (   0)           9925

       700         750   0.05            NLO.QT.32.CT.QCD              -0.37118698 +-       0.00687727
--------------------------------------------------------------------------------------------------------------------------------------------------------------
       700         750   0.05            ud~_epvebb~                   -0.37118698 +-       0.00687727       0.9024       0 [    7]      (   0)           9925

       700         750   0.1             NLO.QT.32.CT.QCD              -0.31809948 +-       0.00588949
--------------------------------------------------------------------------------------------------------------------------------------------------------------
       700         750   0.1             ud~_epvebb~                   -0.31809948 +-       0.00588949       0.9078       0 [    7]      (   0)           9925

       700         750   0.15            NLO.QT.32.CT.QCD              -0.28883512 +-       0.00534533
--------------------------------------------------------------------------------------------------------------------------------------------------------------
       700         750   0.15            ud~_epvebb~                   -0.28883512 +-       0.00534533       0.9113       0 [    7]      (   0)           9925

       700         750   0.2             NLO.QT.32.CT.QCD              -0.26887299 +-       0.00497430
--------------------------------------------------------------------------------------------------------------------------------------------------------------
       700         750   0.2             ud~_epvebb~                   -0.26887299 +-       0.00497430       0.9139       0 [    7]      (   0)           9925

       700         750   0.25            NLO.QT.32.CT.QCD              -0.25384721 +-       0.00469512
--------------------------------------------------------------------------------------------------------------------------------------------------------------
       700         750   0.25            ud~_epvebb~                   -0.25384721 +-       0.00469512       0.9161       0 [    7]      (   0)           9925

       700         750   0.5             NLO.QT.32.CT.QCD              -0.20972554 +-       0.00387585
--------------------------------------------------------------------------------------------------------------------------------------------------------------
       700         750   0.5             ud~_epvebb~                   -0.20972554 +-       0.00387585       0.9234       0 [    7]      (   0)           9925

==============================================================================================================================================================

       750         800   0.01            NLO.QT.32.CT.QCD              -0.34023936 +-       0.00941560
--------------------------------------------------------------------------------------------------------------------------------------------------------------
       750         800   0.01            ud~_epvebb~                   -0.34023936 +-       0.00941560       0.7762       0 [    7]      (   0)           7897

       750         800   0.05            NLO.QT.32.CT.QCD              -0.24818636 +-       0.00686117
--------------------------------------------------------------------------------------------------------------------------------------------------------------
       750         800   0.05            ud~_epvebb~                   -0.24818636 +-       0.00686117       0.7731       0 [    7]      (   0)           7897

       750         800   0.1             NLO.QT.32.CT.QCD              -0.21279441 +-       0.00587983
--------------------------------------------------------------------------------------------------------------------------------------------------------------
       750         800   0.1             ud~_epvebb~                   -0.21279441 +-       0.00587983       0.7715       0 [    7]      (   0)           7897

       750         800   0.15            NLO.QT.32.CT.QCD              -0.19327852 +-       0.00533894
--------------------------------------------------------------------------------------------------------------------------------------------------------------
       750         800   0.15            ud~_epvebb~                   -0.19327852 +-       0.00533894       0.7704       0 [    7]      (   0)           7897

       750         800   0.2             NLO.QT.32.CT.QCD              -0.17996319 +-       0.00497000
--------------------------------------------------------------------------------------------------------------------------------------------------------------
       750         800   0.2             ud~_epvebb~                   -0.17996319 +-       0.00497000       0.7696       0 [    7]      (   0)           7897

       750         800   0.25            NLO.QT.32.CT.QCD              -0.16993882 +-       0.00469231
--------------------------------------------------------------------------------------------------------------------------------------------------------------
       750         800   0.25            ud~_epvebb~                   -0.16993882 +-       0.00469231       0.7690       0 [    7]      (   0)           7897

       750         800   0.5             NLO.QT.32.CT.QCD              -0.14049328 +-       0.00387699
--------------------------------------------------------------------------------------------------------------------------------------------------------------
       750         800   0.5             ud~_epvebb~                   -0.14049328 +-       0.00387699       0.7667       0 [    7]      (   0)           7897

==============================================================================================================================================================

       800         850   0.01            NLO.QT.32.CT.QCD              -0.22676632 +-       0.00648287
--------------------------------------------------------------------------------------------------------------------------------------------------------------
       800         850   0.01            ud~_epvebb~                   -0.22676632 +-       0.00648287        1.572       0 [    7]      (   0)           6483

       800         850   0.05            NLO.QT.32.CT.QCD              -0.16545643 +-       0.00471860
--------------------------------------------------------------------------------------------------------------------------------------------------------------
       800         850   0.05            ud~_epvebb~                   -0.16545643 +-       0.00471860        1.555       0 [    7]      (   0)           6483

       800         850   0.1             NLO.QT.32.CT.QCD              -0.14188081 +-       0.00404134
--------------------------------------------------------------------------------------------------------------------------------------------------------------
       800         850   0.1             ud~_epvebb~                   -0.14188081 +-       0.00404134        1.547       0 [    7]      (   0)           6483

       800         850   0.15            NLO.QT.32.CT.QCD              -0.12887958 +-       0.00366820
--------------------------------------------------------------------------------------------------------------------------------------------------------------
       800         850   0.15            ud~_epvebb~                   -0.12887958 +-       0.00366820        1.541       0 [    7]      (   0)           6483

       800         850   0.2             NLO.QT.32.CT.QCD              -0.12000855 +-       0.00341377
--------------------------------------------------------------------------------------------------------------------------------------------------------------
       800         850   0.2             ud~_epvebb~                   -0.12000855 +-       0.00341377        1.537       0 [    7]      (   0)           6483

       800         850   0.25            NLO.QT.32.CT.QCD              -0.11332973 +-       0.00322231
--------------------------------------------------------------------------------------------------------------------------------------------------------------
       800         850   0.25            ud~_epvebb~                   -0.11332973 +-       0.00322231        1.534       0 [    7]      (   0)           6483

       800         850   0.5             NLO.QT.32.CT.QCD             -0.093709565 +-      0.002660401
--------------------------------------------------------------------------------------------------------------------------------------------------------------
       800         850   0.5             ud~_epvebb~                  -0.093709565 +-      0.002660401        1.522       0 [    7]      (   0)           6483

==============================================================================================================================================================

       850         900   0.01            NLO.QT.32.CT.QCD              -0.15841576 +-       0.00540414
--------------------------------------------------------------------------------------------------------------------------------------------------------------
       850         900   0.01            ud~_epvebb~                   -0.15841576 +-       0.00540414       0.3465       0 [    7]      (   0)           4441

       850         900   0.05            NLO.QT.32.CT.QCD              -0.11563348 +-       0.00394314
--------------------------------------------------------------------------------------------------------------------------------------------------------------
       850         900   0.05            ud~_epvebb~                   -0.11563348 +-       0.00394314       0.3473       0 [    7]      (   0)           4441

       850         900   0.1             NLO.QT.32.CT.QCD             -0.099178271 +-      0.003381469
--------------------------------------------------------------------------------------------------------------------------------------------------------------
       850         900   0.1             ud~_epvebb~                  -0.099178271 +-      0.003381469       0.3477       0 [    7]      (   0)           4441

       850         900   0.15            NLO.QT.32.CT.QCD             -0.090102466 +-      0.003071760
--------------------------------------------------------------------------------------------------------------------------------------------------------------
       850         900   0.15            ud~_epvebb~                  -0.090102466 +-      0.003071760       0.3480       0 [    7]      (   0)           4441

       850         900   0.2             NLO.QT.32.CT.QCD             -0.083909244 +-      0.002860453
--------------------------------------------------------------------------------------------------------------------------------------------------------------
       850         900   0.2             ud~_epvebb~                  -0.083909244 +-      0.002860453       0.3483       0 [    7]      (   0)           4441

       850         900   0.25            NLO.QT.32.CT.QCD             -0.079246132 +-      0.002701372
--------------------------------------------------------------------------------------------------------------------------------------------------------------
       850         900   0.25            ud~_epvebb~                  -0.079246132 +-      0.002701372       0.3485       0 [    7]      (   0)           4441

       850         900   0.5             NLO.QT.32.CT.QCD             -0.065545413 +-      0.002234083
--------------------------------------------------------------------------------------------------------------------------------------------------------------
       850         900   0.5             ud~_epvebb~                  -0.065545413 +-      0.002234083       0.3492       0 [    7]      (   0)           4441

==============================================================================================================================================================

       900         950   0.01            NLO.QT.32.CT.QCD              -0.12033423 +-       0.00416698
--------------------------------------------------------------------------------------------------------------------------------------------------------------
       900         950   0.01            ud~_epvebb~                   -0.12033423 +-       0.00416698       0.8550       0 [    7]      (   0)           3944

       900         950   0.05            NLO.QT.32.CT.QCD             -0.087890711 +-      0.003042798
--------------------------------------------------------------------------------------------------------------------------------------------------------------
       900         950   0.05            ud~_epvebb~                  -0.087890711 +-      0.003042798       0.8594       0 [    7]      (   0)           3944

       900         950   0.1             NLO.QT.32.CT.QCD             -0.075407480 +-      0.002610420
--------------------------------------------------------------------------------------------------------------------------------------------------------------
       900         950   0.1             ud~_epvebb~                  -0.075407480 +-      0.002610420       0.8617       0 [    7]      (   0)           3944

       900         950   0.15            NLO.QT.32.CT.QCD             -0.068520969 +-      0.002371942
--------------------------------------------------------------------------------------------------------------------------------------------------------------
       900         950   0.15            ud~_epvebb~                  -0.068520969 +-      0.002371942       0.8631       0 [    7]      (   0)           3944

       900         950   0.2             NLO.QT.32.CT.QCD             -0.063821015 +-      0.002209206
--------------------------------------------------------------------------------------------------------------------------------------------------------------
       900         950   0.2             ud~_epvebb~                  -0.063821015 +-      0.002209206       0.8642       0 [    7]      (   0)           3944

       900         950   0.25            NLO.QT.32.CT.QCD             -0.060281837 +-      0.002086673
--------------------------------------------------------------------------------------------------------------------------------------------------------------
       900         950   0.25            ud~_epvebb~                  -0.060281837 +-      0.002086673       0.8651       0 [    7]      (   0)           3944

       900         950   0.5             NLO.QT.32.CT.QCD             -0.049881034 +-      0.001726644
--------------------------------------------------------------------------------------------------------------------------------------------------------------
       900         950   0.5             ud~_epvebb~                  -0.049881034 +-      0.001726644       0.8680       0 [    7]      (   0)           3944

==============================================================================================================================================================

       950        1000   0.01            NLO.QT.32.CT.QCD             -0.086029646 +-      0.004659161
--------------------------------------------------------------------------------------------------------------------------------------------------------------
       950        1000   0.01            ud~_epvebb~                  -0.086029646 +-      0.004659161       0.8687       0 [    7]      (   0)           3542

       950        1000   0.05            NLO.QT.32.CT.QCD             -0.062877441 +-      0.003408803
--------------------------------------------------------------------------------------------------------------------------------------------------------------
       950        1000   0.05            ud~_epvebb~                  -0.062877441 +-      0.003408803       0.8758       0 [    7]      (   0)           3542

       950        1000   0.1             NLO.QT.32.CT.QCD             -0.053965628 +-      0.002927269
--------------------------------------------------------------------------------------------------------------------------------------------------------------
       950        1000   0.1             ud~_epvebb~                  -0.053965628 +-      0.002927269       0.8794       0 [    7]      (   0)           3542

       950        1000   0.15            NLO.QT.32.CT.QCD             -0.049048209 +-      0.002661488
--------------------------------------------------------------------------------------------------------------------------------------------------------------
       950        1000   0.15            ud~_epvebb~                  -0.049048209 +-      0.002661488       0.8817       0 [    7]      (   0)           3542

       950        1000   0.2             NLO.QT.32.CT.QCD             -0.045691602 +-      0.002480029
--------------------------------------------------------------------------------------------------------------------------------------------------------------
       950        1000   0.2             ud~_epvebb~                  -0.045691602 +-      0.002480029       0.8834       0 [    7]      (   0)           3542

       950        1000   0.25            NLO.QT.32.CT.QCD             -0.043163681 +-      0.002343346
--------------------------------------------------------------------------------------------------------------------------------------------------------------
       950        1000   0.25            ud~_epvebb~                  -0.043163681 +-      0.002343346       0.8848       0 [    7]      (   0)           3542

       950        1000   0.5             NLO.QT.32.CT.QCD             -0.035732909 +-      0.001941435
--------------------------------------------------------------------------------------------------------------------------------------------------------------
       950        1000   0.5             ud~_epvebb~                  -0.035732909 +-      0.001941435       0.8896       0 [    7]      (   0)           3542

==============================================================================================================================================================

