                0           953.89415       0.492376
                5           2047.2249       0.719991
               10           2056.6181       0.704700
               15           1681.7201       0.618140
               20           1283.3914       0.524131
               25           958.78307       0.435280
               30           713.52700       0.363327
               35           534.03680       0.306620
               40           403.28652       0.259256
               45           306.87988       0.221380
               50           236.21098       0.190502
               55           183.55704       0.166152
               60           144.05146       0.144739
               65           114.14244       0.127431
               70           90.778863       0.112324
               75           72.987905      0.0997223
               80           58.988570      0.0883548
               85           48.068173      0.0789881
               90           39.352232      0.0710455
               95           32.320513      0.0635473
              100           26.806116      0.0576560
              105           22.295339      0.0518150
              110           18.579069      0.0473801
              115           15.709238      0.0426776
              120           13.235135      0.0386258
              125           11.147421      0.0350393
              130           9.4742483      0.0324028
              135           7.9881818      0.0288554
              140           6.9335708      0.0270823
              145           5.9634592      0.0249169
              150           5.1106365      0.0224960
              155           4.4218364      0.0210978
              160           3.8353415      0.0206601
              165           3.3457940      0.0183652
              170           2.9018693      0.0166777
              175           2.4853063      0.0150814
              180           2.1926311      0.0144614
              185           1.9259365      0.0136657
              190           1.6846176      0.0124889
              195           1.5041911      0.0120601
              200           1.3029235      0.0118297
              205           1.1496406      0.0101660
              210          0.99918146      0.0101955
              215          0.89778852     0.00900808
              220          0.78525262     0.00855678
              225          0.69630562     0.00788966
              230          0.63207196     0.00761089
              235          0.56001638     0.00699237
              240          0.50342806     0.00657637
              245          0.44541804     0.00649307
              250          0.39031343     0.00635300
              255          0.36122886     0.00566382
              260          0.31941208     0.00544615
              265          0.28822601     0.00561724
              270          0.26090217     0.00485549
              275          0.23683223     0.00494746
              280          0.20420925     0.00425709
              285          0.18695785     0.00542970
              290          0.16685335     0.00400781
              295          0.14911163     0.00381305
              300          0.13404771     0.00366283
              305          0.11981692     0.00495832
              310          0.11234932     0.00331382
              315          0.10490657     0.00311252
              320         0.095827301     0.00306692
              325         0.085569166     0.00300614
              330         0.082089097     0.00294083
              335         0.072648985     0.00319825
              340         0.060208963     0.00264769
              345         0.059841922     0.00264281
              350         0.050440735     0.00258639
              355         0.048239490     0.00218009
              360         0.042369326     0.00222133
              365         0.036083618     0.00212479
              370         0.033162572     0.00228607
              375         0.027441001     0.00245285
              380         0.027867521     0.00219377
              385         0.023327395     0.00191767
              390         0.021775227     0.00187813
              395         0.018907774     0.00167128
              400         0.018476484     0.00182183
              405         0.015285992     0.00155015
              410         0.016919883     0.00143103
              415         0.014160856     0.00175099
              420         0.012750738     0.00147353
              425         0.011748123     0.00173334
              430         0.013108739     0.00141836
              435        0.0069676415     0.00132518
              440        0.0096076265     0.00124227
              445        0.0085544680     0.00130537
              450        0.0057156650     0.00177837
              455        0.0082295624     0.00119014
              460        0.0048148366     0.00133230
              465        0.0011700985     0.00137739
              470        0.0049509179     0.00109082
              475        0.0031294905     0.00124869
              480        0.0049983317     0.00109400
              485        0.0016641979     0.00110459
              490        0.0024504624     0.00112972
              495        0.0016049835    0.000872763
              500        0.0034902315    0.000979880
              505       0.00083956650    0.000851419
              510        0.0013438630    0.000776866
              515       0.00034004511    0.000824710
              520       0.00011377176    0.000984623
              525      -0.00035502058    0.000926314
              530       0.00063567611    0.000701979
              535        0.0013116297    0.000736115
              540       0.00021776694    0.000674771
              545      -0.00094703560     0.00114309
              550       0.00077547367    0.000736929
              555      -0.00062815569     0.00110696
              560       0.00078358603    0.000550627
              565      -0.00061516817    0.000665192
              570       0.00057247833    0.000888339
              575       0.00043296297    0.000682370
              580       -0.0014078182    0.000812734
              585      -3.2508675e-05    0.000714126
              590      -0.00051382102    0.000578639
              595      -0.00060736224    0.000557536
              600      -0.00074060902    0.000564055
              605      -0.00039130992    0.000527781
              610      -0.00038750667    0.000465315
              615      -0.00010496268    0.000500856
              620       -0.0015963199     0.00131181
              625      -0.00063468927    0.000485718
              630      -0.00038055939    0.000466070
              635      -0.00045558382    0.000451871
              640      -0.00019532706    0.000441095
              645       -0.0021564675    0.000550736
              650      -0.00084482795    0.000551920
              655      -0.00029327392    0.000346418
              660      -0.00061497109    0.000366188
              665      -0.00096523180    0.000403077
              670      -0.00071416966    0.000359245
              675      -9.4290245e-05    0.000348160
              680      -0.00036346442    0.000346463
              685      -0.00022784668    0.000308124
              690      -7.5672223e-05    0.000313881
              695      -0.00039533571    0.000324784
              700      -0.00019423856    0.000327484
              705      -0.00046224342    0.000291905
              710      -0.00062200160    0.000302848
              715      -0.00049340771    0.000276203
              720      -0.00017451929    0.000480708
              725      -0.00020457388    0.000228200
              730      -0.00048183620    0.000240378
              735      -0.00035672108    0.000279037
              740      -0.00040636056    0.000238382
              745      -0.00045138386    0.000223505
              750      -0.00069907607    0.000268095
              755      -0.00035958407    0.000230855
              760      -0.00033919315    0.000207754
              765      -0.00043120550    0.000205271
              770      -0.00061847189    0.000295424
              775      -0.00044056671    0.000193395
              780      -0.00052709218    0.000202624
              785      -0.00092219311    0.000266569
              790      -0.00086192562    0.000296135
              795      -0.00030656164    0.000178273
              800      -0.00063616847    0.000224550
              805      -0.00025742512    0.000160177
              810      -0.00016581402    0.000203355
              815      -9.0583498e-05    0.000202070
              820      -0.00031345228    0.000123908
              825      -0.00054197501    0.000262604
              830      -0.00018430648    0.000112471
              835      -0.00050194780    0.000159700
              840      -0.00027965555    0.000166129
              845      -0.00029144337    0.000119976
              850      -0.00032131166    0.000111438
              855      -0.00042758670    0.000154070
              860      -0.00017445628    0.000104009
              865      -0.00018251107    0.000147752
              870      -0.00041416627    0.000156673
              875      -0.00012369799    0.000140287
              880      -0.00055167271    0.000478832
              885      -0.00027546717    0.000642701
              890      -0.00023216718    0.000138474
              895      -0.00022396412    0.000179694
              900      -0.00035963221    0.000144707
              905      -0.00019372810    0.000181160
              910      -0.00013133866    9.68923e-05
              915      -0.00025041169    0.000110256
              920      -0.00055068612    0.000232579
              925      -0.00030752234    0.000125450
              930      -0.00013893534    0.000102219
              935      -0.00037309862    0.000165211
              940      -0.00013055829    7.12035e-05
              945      -0.00023508876    0.000280264
              950      -1.2179917e-05    9.82809e-05
              955       1.4526651e-05    0.000111115
              960      -0.00032215049    0.000172550
              965      -0.00030279238    0.000134437
              970      -0.00032167487    0.000105196
              975      -0.00013007460    0.000114478
              980      -0.00036797218    0.000171740
              985      -0.00015530255    6.41697e-05
              990      -0.00020207746    9.94530e-05
              995      -0.00051486431    0.000268007
