                0           76.642529      0.0672988
                5           187.43026       0.104098
               10           225.84430       0.111496
               15           221.57331       0.107228
               20           199.58931      0.0994234
               25           173.44035      0.0912642
               30           147.99892      0.0834838
               35           125.34327      0.0764201
               40           105.67905      0.0697430
               45           89.075920      0.0641754
               50           75.040333      0.0586668
               55           63.225044      0.0539356
               60           53.523719      0.0496222
               65           45.334804      0.0456213
               70           38.665127      0.0422461
               75           32.896900      0.0389857
               80           28.098069      0.0359761
               85           24.053369      0.0332438
               90           20.734430      0.0307437
               95           17.842378      0.0284198
              100           15.403049      0.0263122
              105           13.394089      0.0245163
              110           11.600475      0.0227157
              115           10.132440      0.0210616
              120           8.9082937      0.0197435
              125           7.7548346      0.0182020
              130           6.8270703      0.0169779
              135           6.0308178      0.0159173
              140           5.3179880      0.0149471
              145           4.6870364      0.0138296
              150           4.1745448      0.0129660
              155           3.7044817      0.0121194
              160           3.3225612      0.0114080
              165           2.9758954      0.0107597
              170           2.6518335      0.0100134
              175           2.3731813     0.00939274
              180           2.1169381     0.00870491
              185           1.9152187     0.00830271
              190           1.7423636     0.00784538
              195           1.5770317     0.00750049
              200           1.4235386     0.00698613
              205           1.2777998     0.00654819
              210           1.1651139     0.00623624
              215           1.0594271     0.00587995
              220          0.96284591     0.00561080
              225          0.88343396     0.00527324
              230          0.80408441     0.00501181
              235          0.74203665     0.00488019
              240          0.67487599     0.00459671
              245          0.61981533     0.00428135
              250          0.56789965     0.00410735
              255          0.52231923     0.00390807
              260          0.48471299     0.00421045
              265          0.43966539     0.00352850
              270          0.41037618     0.00343940
              275          0.37766963     0.00324268
              280          0.34523783     0.00312228
              285          0.32518074     0.00304734
              290          0.30023556     0.00280099
              295          0.28062708     0.00273257
              300          0.25770712     0.00266449
              305          0.23970643     0.00259064
              310          0.22306802     0.00244197
              315          0.20704380     0.00236359
              320          0.19225075     0.00243987
              325          0.17929627     0.00208295
              330          0.16624458     0.00213134
              335          0.15600376     0.00208592
              340          0.14346379     0.00180527
              345          0.13421856     0.00179495
              350          0.12902311     0.00178450
              355          0.12104437     0.00173253
              360          0.11139866     0.00153931
              365          0.10444672     0.00158024
              370         0.098358826     0.00146824
              375         0.091295126     0.00140220
              380         0.084798552     0.00137615
              385         0.081858957     0.00139864
              390         0.077677440     0.00139333
              395         0.071605887     0.00124984
              400         0.066285621     0.00127028
              405         0.062748213     0.00116863
              410         0.061917214     0.00161581
              415         0.055745593     0.00103238
              420         0.053177831     0.00102276
              425         0.051270422     0.00116103
              430         0.047140833    0.000934650
              435         0.043311635    0.000890260
              440         0.043118344     0.00122738
              445         0.040107582    0.000982002
              450         0.036928345    0.000840264
              455         0.035083815    0.000826103
              460         0.035296867     0.00161074
              465         0.032815907    0.000834084
              470         0.031296167    0.000787893
              475         0.029001049    0.000730972
              480         0.028419108    0.000751099
              485         0.025355375    0.000854812
              490         0.024057980    0.000613220
              495         0.024226116    0.000678839
              500         0.021786074    0.000824214
              505         0.021504981    0.000712512
              510         0.020825691    0.000682424
              515         0.019620833    0.000585702
              520         0.018410798    0.000600684
              525         0.018527536    0.000855362
              530         0.016095801    0.000602698
              535         0.015979303    0.000496158
              540         0.015268539    0.000538202
              545         0.014038931    0.000486258
              550         0.014526149    0.000615198
              555         0.012189282    0.000400112
              560         0.011947141    0.000473127
              565         0.010523175    0.000341189
              570         0.011392245    0.000468066
              575         0.010600457    0.000500244
              580        0.0099192322    0.000377666
              585        0.0092718268    0.000365921
              590        0.0092339303    0.000368729
              595        0.0081384557    0.000355719
              600        0.0090950621    0.000466505
              605        0.0080956733    0.000347767
              610        0.0084387689    0.000432119
              615        0.0076354856    0.000438483
              620        0.0067556049    0.000321798
              625        0.0062354282    0.000335172
              630        0.0064401125    0.000308967
              635        0.0061501652    0.000316016
              640        0.0057011887    0.000303556
              645        0.0054073663    0.000314539
              650        0.0050199399    0.000265088
              655        0.0054934661    0.000358692
              660        0.0048649042    0.000234180
              665        0.0048284636    0.000309279
              670        0.0048683752    0.000398299
              675        0.0042961932    0.000227400
              680        0.0042723884    0.000285407
              685        0.0042882624    0.000288869
              690        0.0039252772    0.000275616
              695        0.0044189069    0.000617667
              700        0.0035550834    0.000227603
              705        0.0032206809    0.000199193
              710        0.0035288989    0.000266880
              715        0.0033407160    0.000276295
              720        0.0031966061    0.000282756
              725        0.0030820422    0.000241106
              730        0.0029428891    0.000283217
              735        0.0027979954    0.000295757
              740        0.0028983324    0.000286815
              745        0.0027616100    0.000339897
              750        0.0024441147    0.000207647
              755        0.0027993693    0.000296736
              760        0.0021339754    0.000223770
              765        0.0018655277    0.000148379
              770        0.0019841583    0.000171949
              775        0.0023352419    0.000515262
              780        0.0021572875    0.000191978
              785        0.0019453797    0.000159514
              790        0.0017508835    0.000160328
              795        0.0020384180    0.000264231
              800        0.0014536252    0.000153596
              805        0.0015523690    0.000143310
              810        0.0020163627    0.000255301
              815        0.0013471567    0.000146193
              820        0.0013183934    0.000144077
              825        0.0015255674    0.000140929
              830        0.0010708065    9.80821e-05
              835        0.0012135032    0.000114125
              840        0.0013049006    0.000206347
              845        0.0012080774    0.000177070
              850        0.0011496340    0.000122983
              855        0.0016435192    0.000246314
              860       0.00091802933    0.000102954
              865        0.0010211315    9.16639e-05
              870        0.0010054665    9.91408e-05
              875       0.00078700948    9.93795e-05
              880        0.0011280538    0.000148797
              885       0.00084829479    8.86909e-05
              890       0.00081998787    9.56425e-05
              895       0.00089243643    0.000114829
              900       0.00069034878    7.82594e-05
              905       0.00076915580    9.36449e-05
              910       0.00061934872    6.58338e-05
              915       0.00067976787    7.09667e-05
              920       0.00063451043    9.38582e-05
              925       0.00066423283    7.28685e-05
              930       0.00085680344    0.000137261
              935       0.00061330563    8.31421e-05
              940       0.00063519418    8.87528e-05
              945       0.00048493592    5.71494e-05
              950       0.00083278028    0.000200644
              955       0.00087042738    0.000122642
              960       0.00062158888    0.000154333
              965       0.00046462176    6.69991e-05
              970       0.00065575147    9.78056e-05
              975       0.00055248329    7.32236e-05
              980       0.00036598327    5.33262e-05
              985       0.00034596188    6.39247e-05
              990       0.00050564859    7.96471e-05
              995       0.00043109007    5.56120e-05
