# dy_bbZ-j1-ptj        central        num_err    min (scale)        num_err    max (scale)        num_err
# 30
             -8      3.8882795     0.38318181       3.118684     0.31142812      4.9940181     0.49648678
           -7.9      5.2148108      0.4720196      4.2355459     0.39399006      6.5901558     0.58262578
           -7.8      4.8145397     0.39299495      3.8453535     0.31606036      6.2485736     0.52045354
           -7.7      7.0099095     0.47511797      5.6612212     0.39294687       8.954793     0.60584618
           -7.6      7.0443815     0.45914457      5.6362479     0.37214058      9.0909614     0.59379939
           -7.5      8.6975761      1.0611978      6.8939212      0.8275871      11.359208      1.4083603
           -7.4      9.3773301     0.59048424      7.5777911     0.48429824      11.973982     0.75890556
           -7.3      11.329358     0.53538807      9.1347959      0.4404944      14.483511     0.69611142
           -7.2      12.707968     0.58509953      10.154517     0.46942169      16.482591     0.77827489
           -7.1      16.444729     0.97900261      13.329579     0.86770019      20.890012      1.1286521
             -7      20.947184      1.0353968      16.918625     0.88888054      26.702968      1.2369915
           -6.9      21.984772      1.6269074      17.610531       1.325604      28.268261      1.9956759
           -6.8      24.453328     0.94559926       19.45769     0.75916249      31.691911      1.2382705
           -6.7       29.20574     0.94079354      23.329011     0.75793743      37.649047      1.2334469
           -6.6      32.068031      1.0134424      25.638778     0.82467696       41.26869      1.3145562
           -6.5      38.111144      1.0370185      30.371762     0.84633813      49.299868      1.3332178
           -6.4      46.947357       1.638154      37.269823      1.3506539      61.527933      2.1913744
           -6.3      53.013227      1.4718707      42.439069      1.2213568      68.049544      1.8502512
           -6.2      57.660609      1.8728593      45.846161      1.5146159      74.738443      2.4263444
           -6.1      64.297481      1.5425796      51.157176      1.2903245      83.118945      1.9161713
             -6      73.029102      1.6681847      58.189831       1.372356      94.021738      2.1121233
           -5.9      83.237851      1.6229652      66.273685      1.3324885      107.45195      2.0607574
           -5.8      96.677192      1.6491853       76.78677      1.3388633      125.20531      2.1253717
           -5.7      108.76081      1.9098021      86.778701       1.570238      140.00391      2.4283808
           -5.6      123.43574       2.263449      98.186943      1.9143038      159.55132      2.7975505
           -5.5      139.18947      3.3168545      111.23517      2.7908153       178.4144      3.9648141
           -5.4      150.41546       2.133713       119.5521      1.7492922      194.23154      2.7148562
           -5.3      171.92427      2.8227638      137.29393      2.4293351      220.55738      3.3859038
           -5.2      195.55639      2.9633325      156.15077       2.444922      250.88201      3.7206268
           -5.1       217.6858      3.0619012      173.66132      2.5703935      279.68217      3.7824349
             -5      242.89659      3.0333447      193.93058      2.4943146      311.37111       3.819203
           -4.9      270.06197      3.0560011      215.69851      2.6287207       345.9053      3.7083608
           -4.8      299.99793      3.0707418      238.93373      2.5106158      385.70307       3.911532
           -4.7      332.08495      3.8824229      265.26823      3.1904118      425.20003      4.9164193
           -4.6      365.50185      3.4301869      291.59978      2.8277666      468.66706      4.3413007
           -4.5      400.78461      3.5607538       320.7841      2.9719816      511.74685      4.4376401
           -4.4      442.87103       3.582555      353.75688      2.9217117      566.80801      4.5992065
           -4.3      486.77976      3.8001645      390.02414      3.1478263      620.30323      4.7629585
           -4.2      541.74433      4.8021281       434.2626      4.0543767      689.87018      5.8730376
           -4.1      591.10348      4.8019522      474.48038      4.0344308      751.09806      5.9307881
             -4      648.43235      5.0817563      520.00524      4.2852599      825.58303      6.2428278
           -3.9       704.9242      4.7204563      566.54691      4.1578478      894.26506        5.84535
           -3.8      763.51081      4.6768009      612.72888      3.9005153      970.26731      5.8208854
           -3.7       831.5165      5.6123287      669.89948      4.9372267       1051.978      6.9739223
           -3.6      901.40562      5.8498735      726.46927      4.9065318      1138.7227      7.2335947
           -3.5      972.84044      5.6282708      783.62829      4.7431134      1230.2573      6.9161614
           -3.4      1051.3362      5.6287646       847.6502      4.7130571      1327.1119      7.0708561
           -3.3      1132.0188      5.5746499      912.97271      4.6821382      1428.8573      6.9082434
           -3.2      1215.3879      5.7716462      981.12414      4.8173616      1531.9008      7.2270589
           -3.1      1304.9811      6.3331908      1054.4022      5.3084426      1642.7925      7.8442857
             -3      1402.0299      6.5254891      1133.9595      5.5601728      1762.2085      8.0223719
           -2.9      1486.5611      6.3786147      1203.0692      5.3606485      1867.4883      7.9570015
           -2.8      1601.5851       7.139208      1296.7305      6.0282406       2010.746      8.7298797
           -2.7      1698.0631      7.4994893      1376.6221      6.4063529      2130.3896      9.0039782
           -2.6      1797.0907      6.5632518       1458.446      5.6203225       2254.881      8.2198956
           -2.5      1908.1923      7.5275996      1550.2958      6.6639721      2389.8142       9.361303
           -2.4      2003.3969      7.5505449      1626.1529      6.4373866      2512.0942      9.1756177
           -2.3      2108.8853      7.7804953      1710.7381      6.5795208      2645.6906      9.5164904
           -2.2      2227.7778      8.5711776      1808.6968      7.3986973      2791.3974      10.239096
           -2.1      2327.4709      8.0764818      1886.9003      6.8032487      2920.8738      9.9271682
             -2      2426.2202       8.065227      1969.8751      6.8791602       3037.057      9.8858288
           -1.9      2529.2721      8.2090817      2052.4644      7.1901098      3169.3121      9.7171423
           -1.8      2648.5904      8.0855499      2149.5384      6.8947065      3316.9481       9.862262
           -1.7      2734.3595      8.8445139      2221.2354      7.5547662      3418.7149      10.733668
           -1.6      2826.8635      8.6457804      2294.6731      7.3525985      3537.4545      10.525591
           -1.5      2929.3139      8.8597596      2379.2395       7.663946       3661.978        10.6248
           -1.4      3027.4029      9.5194575      2461.3388      8.2456148      3779.4978      11.639866
           -1.3      3106.0738       8.441766      2524.8553      7.1816999      3877.5646      10.318503
           -1.2      3189.0947      8.9918952      2594.2911       7.720539      3976.8919      10.923006
           -1.1         3250.4      8.9213329      2644.0253       7.655764      4052.8176      10.877355
             -1      3337.8536      9.3389514      2720.0547      8.4371525      4151.2611      10.994361
           -0.9      3399.8255      9.0320952      2769.0707      7.7805271      4231.3336      10.905489
           -0.8      3454.6961      9.3067984       2815.174      8.2319878      4295.7719       11.22869
           -0.7      3496.2916      9.2425984      2848.4398      7.9431139      4348.1164      11.192673
           -0.6      3535.0164        9.57535      2883.4696      8.2655453      4388.2211      11.536536
           -0.5       3538.025      9.4775121      2886.9772      8.1391413      4390.9943      11.482243
           -0.4      3467.9869       9.147321      2829.2365      7.9957079      4304.2098      10.884793
           -0.3      3452.1275      10.372822      2818.9168      9.1830059      4279.8326      11.988765
           -0.2       3391.374      9.0031229      2768.3804      7.7988651      4206.0522       10.85849
           -0.1      3383.5729      9.6753072      2763.5116      8.5903957      4192.7487      11.254466
              0      3389.3771      8.6155341       2766.202      7.4087949      4204.2524      10.492165
            0.1      3404.1128      8.9811305      2780.4322      7.8501552      4218.1111       10.80581
            0.2      3434.7966      9.4090143      2804.6622      8.2223756      4258.2108      11.148529
            0.3      3481.7102      9.1330847      2843.2725      7.9218926      4315.6399      10.992347
            0.4      3550.2065      9.6859488       2898.779      8.5308889      4403.1729      11.443499
            0.5      3521.9812      8.7769064      2873.5194      7.5241171      4371.1914       10.69239
            0.6      3493.2068      9.0173714      2848.5325      7.7895073      4340.3837      11.001443
            0.7       3446.686      9.2426146      2808.2723       7.995418      4286.5111      11.068569
            0.8      3407.2129      8.9536018      2774.8874      7.6760013      4240.2291      10.893821
            0.9      3348.3323      8.9604122      2725.4063      7.7427218      4171.5069      10.805115
              1      3253.7946      9.0995653      2647.2723      7.9158943      4055.9104      10.898914
            1.1      3169.9144      8.5226475      2577.8435      7.3587942       3954.845      10.331524
            1.2      3104.6106      9.1276673       2524.163      7.9413393      3874.7641      10.941158
            1.3       3031.428       9.327435      2464.9665      8.0455347      3783.7877      11.291108
            1.4      2915.2775      8.6028223      2367.1512      7.5225473      3646.7317      10.440485
            1.5      2815.3583      8.1118775      2284.6869      6.8908787      3524.5319      9.9791838
            1.6      2726.3817       8.339086      2215.3559      7.0853248      3408.2123      10.268916
            1.7      2640.6229       7.998792      2142.8687      6.7845894      3309.1961      9.9622564
            1.8      2534.9002      7.9640388      2058.7328      6.8320239       3171.604      9.7043598
            1.9      2433.6125      8.7857843      1975.5338      7.5821957      3049.7133       10.66899
              2      2335.2132      8.1885828      1896.9046      7.0113497      2923.4398      9.9154304
            2.1      2219.8485      7.9610411      1800.7217      6.7639859      2784.5682      9.7104798
            2.2      2101.8888      7.4325481      1706.5615       6.373125      2633.7431      9.0442592
            2.3      2000.6165      6.9768323      1623.9898      5.9089438      2507.7172      8.5860395
            2.4      1918.7356      7.7107206      1558.6887      6.6040856      2404.0986      9.4340425
            2.5      1796.9073       7.373408      1458.2717      6.2537819      2252.0975      9.0573174
            2.6      1688.3398      6.8271991      1369.6471      5.8427701      2116.8583      8.3423112
            2.7      1601.1814      7.2182459      1297.2569        6.16652      2009.0759      8.7427951
            2.8       1488.457      7.0906515      1204.9494      6.1197766      1869.6122      8.5308039
            2.9      1404.3338      7.6102218      1135.1192      6.4901831      1766.0592      9.1215428
              3      1311.5556      6.3112538      1059.3279       5.323897      1652.7108      7.8378829
            3.1      1215.5034      6.0965625      980.54579       5.108926      1533.7243      7.5435134
            3.2      1133.1701      5.3730685      912.92371      4.5339522      1432.5639      6.6750165
            3.3      1050.1486      5.9063677      846.39553      5.0278169      1326.3797      7.2204728
            3.4      970.53055      5.1356873      781.42037      4.3293878      1227.8631      6.3703845
            3.5      902.19181      5.4039704      726.45407      4.4670199      1141.4138      6.8142179
            3.6      824.74636      4.8648989      662.72036      4.0649323      1046.3437      6.0430825
            3.7      762.99872      4.9168279      612.05279      4.0882686      970.19484      6.1358191
            3.8      713.96793      5.2094151      572.89703      4.3609015      907.72408      6.4183206
            3.9      642.91616       4.524218      515.84359      3.7727099      816.75723      5.7052848
              4      587.46053      4.6689774      470.95733      3.8487414      747.52789      5.8838358
            4.1      536.05304      4.1289626      428.95662      3.4210718      684.10517      5.2103555
            4.2       491.4593      5.1259894      393.86426      4.4005418      626.68404       6.300996
            4.3      443.85025      3.5781764      354.22602      2.9476558      568.75108      4.5598456
            4.4      405.79926      3.6471678      324.09394      3.0243298       519.5214      4.5760259
            4.5      371.65166      3.9763161      297.32746      3.3152005      474.95715      4.9281584
            4.6      332.92252      3.6311835      265.57464      3.0060802      427.12212       4.542819
            4.7       294.5204      2.7799854      235.96935      2.3998014      375.74375      3.7649643
            4.8      264.61667      3.6001097      211.15128      3.0438787      339.40254       4.360517
            4.9      241.45665      2.6158836      192.59002      2.1761342       309.9139       3.312767
              5      217.29114      3.2054567      173.57026      2.6323078      278.44639      4.0462486
            5.1      194.82758      2.5599078      155.22726      2.1030575      250.63467      3.2314745
            5.2      173.95017       2.170941      137.82386      1.7783888      225.48318      2.7711603
            5.3      149.53396      2.1846667      118.98947        1.78429      192.63842      2.7776852
            5.4      139.40878       2.756377       111.1056      2.2834106      179.48604      3.4159709
            5.5      119.39818      2.6983799      95.445787      2.3485828      153.41338      3.3196244
            5.6      106.91459      1.8270665      85.158285      1.5190387      137.90121      2.3086373
            5.7      95.186064      1.8224839      75.942966       1.501405      122.54019      2.3137556
            5.8      81.304684      1.5564162      64.342452      1.2786446      105.70651      1.9854452
            5.9      79.266641      3.7323113      63.206203      3.1274889      102.00088      4.4604524
              6      63.663816      1.4012096      50.850959      1.1505157       81.74716      1.8036283
            6.1      57.985089      1.6184066       46.53969      1.3540288      74.094536      1.9953013
            6.2      51.471644      1.1791758      40.999073     0.96466503      66.546971      1.5163359
            6.3      43.833753      1.1096399      34.815244     0.89395965      56.911626      1.4506142
            6.4      35.639209      1.0209143      28.684364     0.85798072      45.428394      1.3007873
            6.5      33.368842      1.5832085      26.804081      1.3594269      42.775241       1.886436
            6.6      28.576037      1.1341766       22.73779     0.92264391      37.086176      1.4470691
            6.7      24.159127      0.7830261      19.318661     0.64254022      31.088445      1.0068827
            6.8      20.820473     0.78010486      16.679911     0.63356705      26.781128      1.0095112
            6.9      21.659866        1.83182      17.457735      1.5647748      27.618136      2.1267688
              7      16.049919     0.79709527      12.892058     0.67864522      20.637084     0.97824468
            7.1      14.310177     0.76871126      11.462599     0.63175842      18.417469     0.97157047
            7.2      11.303215     0.52151345       9.037773     0.42629962      14.563401     0.67664792
            7.3      11.675273      1.7450447      9.4471488      1.4087608      14.811645      2.1993833
            7.4      9.1990511     0.49994933      7.4220399      0.4151892      11.767137      0.6315603
            7.5      6.7868288     0.52421399      5.3940204     0.42307068      8.8181205     0.67679734
            7.6       5.806194     0.41140747       4.724497     0.34139893      7.3329183     0.52564916
            7.7      4.5520449     0.37586072      3.7290718     0.32025812      5.7002973      0.4702159
            7.8      3.9724358     0.37774163      3.2285242     0.31179397      5.0324006     0.48166027
            7.9      3.8489028     0.36981527       3.068905     0.29941655      5.0816972     0.50857595
              8      3.8489028     0.36981527       3.068905     0.29941655      5.0816972     0.50857595
