                0          -1266.9688       0.346772
                5          -2765.5424       0.525563
               10          -2870.2290       0.550634
               15          -2436.8462       0.518291
               20          -1930.6782       0.469210
               25          -1492.7177       0.417565
               30          -1147.7316       0.368211
               35          -883.94979       0.323732
               40          -683.06976       0.284091
               45          -531.92652       0.249514
               50          -417.30257       0.219505
               55          -330.16528       0.193551
               60          -262.53478       0.170300
               65          -210.81854       0.151026
               70          -170.45488       0.134324
               75          -138.79975       0.119543
               80          -113.84181       0.107303
               85          -93.903286      0.0960604
               90          -77.970710      0.0863132
               95          -65.140305      0.0779818
              100          -54.641582      0.0706952
              105          -46.155939      0.0641066
              110          -39.033149      0.0582376
              115          -33.319783      0.0533727
              120          -28.497348      0.0488475
              125          -24.592088      0.0449728
              130          -21.120146      0.0410160
              135          -18.361282      0.0379969
              140          -15.949363      0.0351450
              145          -13.946848      0.0327149
              150          -12.186326      0.0302564
              155          -10.763745      0.0284006
              160          -9.4455396      0.0260530
              165          -8.4102699      0.0246532
              170          -7.4036151      0.0230834
              175          -6.5665065      0.0213979
              180          -5.8808356      0.0202124
              185          -5.2373539      0.0187224
              190          -4.6617233      0.0177793
              195          -4.1976879      0.0168076
              200          -3.7610098      0.0159250
              205          -3.4005692      0.0149619
              210          -3.0591714      0.0140560
              215          -2.7571651      0.0131639
              220          -2.5252565      0.0127032
              225          -2.2875433      0.0121764
              230          -2.0687499      0.0114792
              235          -1.9068714      0.0115514
              240          -1.7015190      0.0101996
              245          -1.5799073     0.00967278
              250          -1.4245220     0.00909889
              255          -1.3265307     0.00896798
              260          -1.1998972     0.00880235
              265          -1.1052371     0.00797089
              270          -1.0229826     0.00823708
              275         -0.94358179     0.00750620
              280         -0.86741619     0.00710055
              285         -0.80021781     0.00667107
              290         -0.73382628     0.00630508
              295         -0.68943260     0.00642565
              300         -0.63459862     0.00586290
              305         -0.58401550     0.00569438
              310         -0.54103777     0.00569595
              315         -0.49667036     0.00609769
              320         -0.46991837     0.00495292
              325         -0.43296758     0.00478911
              330         -0.39922525     0.00452934
              335         -0.36391948     0.00427971
              340         -0.34968029     0.00425424
              345         -0.32881130     0.00436343
              350         -0.31098655     0.00412619
              355         -0.28669883     0.00380177
              360         -0.27431607     0.00385283
              365         -0.24970283     0.00414535
              370         -0.23777076     0.00345023
              375         -0.21811271     0.00383913
              380         -0.21134522     0.00372441
              385         -0.19147038     0.00309644
              390         -0.18378527     0.00388050
              395         -0.17416304     0.00297441
              400         -0.15691148     0.00268930
              405         -0.15033363     0.00281986
              410         -0.14097605     0.00266561
              415         -0.13334865     0.00253714
              420         -0.12641517     0.00255568
              425         -0.11781807     0.00229746
              430         -0.11173477     0.00227362
              435         -0.10431323     0.00215958
              440         -0.10431049     0.00234591
              445        -0.095049726     0.00229032
              450        -0.085616354     0.00202278
              455        -0.082405142     0.00193176
              460        -0.080953034     0.00211276
              465        -0.073808940     0.00189920
              470        -0.070972912     0.00187236
              475        -0.068954757     0.00178245
              480        -0.067928361     0.00184574
              485        -0.063522435     0.00177400
              490        -0.058384989     0.00171516
              495        -0.051740602     0.00146706
              500        -0.053114206     0.00165046
              505        -0.050218886     0.00151559
              510        -0.050310169     0.00224594
              515        -0.045305726     0.00139540
              520        -0.041879186     0.00136087
              525        -0.038054544     0.00133559
              530        -0.036377133     0.00120880
              535        -0.038067174     0.00148737
              540        -0.031739760     0.00112915
              545        -0.031454864     0.00114758
              550        -0.032748075     0.00147815
              555        -0.030483233     0.00127710
              560        -0.028092411     0.00106695
              565        -0.027397509     0.00113437
              570        -0.024924159    0.000945756
              575        -0.024233502     0.00103990
              580        -0.023033710     0.00107522
              585        -0.022338396    0.000964375
              590        -0.021293278    0.000925601
              595        -0.018967209    0.000809080
              600        -0.021096319     0.00112638
              605        -0.018224657    0.000760760
              610        -0.018800156    0.000781581
              615        -0.016553458    0.000728796
              620        -0.016120082    0.000721553
              625        -0.015077501    0.000664509
              630        -0.015314578    0.000719830
              635        -0.015481578     0.00182092
              640        -0.013032880    0.000593457
              645        -0.013408933    0.000721081
              650        -0.012528252    0.000578581
              655        -0.011952560    0.000577337
              660        -0.011404080    0.000577005
              665        -0.010824974    0.000509423
              670        -0.010650940    0.000616618
              675        -0.010574483    0.000541161
              680       -0.0096178935    0.000462242
              685       -0.0085333562    0.000426047
              690       -0.0090797454    0.000465496
              695       -0.0086203894    0.000436436
              700       -0.0082696855    0.000442415
              705       -0.0082211210    0.000477945
              710       -0.0070739719    0.000386240
              715       -0.0075337537    0.000445935
              720       -0.0062590965    0.000318720
              725       -0.0062772626    0.000354830
              730       -0.0062751027    0.000391661
              735       -0.0060114556    0.000356601
              740       -0.0060852434    0.000374226
              745       -0.0060928920    0.000402107
              750       -0.0055865429    0.000359718
              755       -0.0050546189    0.000417158
              760       -0.0059463544    0.000646737
              765       -0.0050116117    0.000377395
              770       -0.0047033809    0.000547890
              775       -0.0044854690    0.000324640
              780       -0.0039169547    0.000255172
              785       -0.0034899709    0.000261094
              790       -0.0037427741    0.000286925
              795       -0.0034151323    0.000250605
              800       -0.0035445185    0.000249360
              805       -0.0035754635    0.000270358
              810       -0.0035512609    0.000409581
              815       -0.0030418468    0.000237584
              820       -0.0028680975    0.000231331
              825       -0.0032226788    0.000281119
              830       -0.0024968808    0.000247584
              835       -0.0029221646    0.000282227
              840       -0.0026887073    0.000247727
              845       -0.0022014984    0.000204104
              850       -0.0024038397    0.000275241
              855       -0.0024995901    0.000235535
              860       -0.0023278185    0.000219590
              865       -0.0018700469    0.000201349
              870       -0.0023824739    0.000264086
              875       -0.0022631193    0.000243327
              880       -0.0021098840    0.000215228
              885       -0.0018189686    0.000214605
              890       -0.0015856218    0.000183906
              895       -0.0017120695    0.000198067
              900       -0.0019243856    0.000207161
              905       -0.0017910128    0.000195189
              910       -0.0016503576    0.000178845
              915       -0.0014588390    0.000161503
              920       -0.0017208352    0.000178370
              925       -0.0017512879    0.000184568
              930       -0.0013179138    0.000154238
              935       -0.0014336770    0.000164656
              940       -0.0013923049    0.000166665
              945       -0.0014445756    0.000144583
              950       -0.0014484132    0.000182893
              955       -0.0013216566    0.000155599
              960       -0.0010732375    0.000124921
              965       -0.0010320929    0.000125606
              970      -0.00076015141    0.000102490
              975       -0.0011122131    0.000130060
              980       -0.0011418931    0.000146605
              985       -0.0011321045    0.000122797
              990       -0.0015391382    0.000459536
              995      -0.00076407550    0.000101429
