# pt_bb-mbbZ150        central        num_err    min (scale)        num_err    max (scale)        num_err
              0      333.81343     0.33141334      333.81343     0.33141334      333.81343     0.33141334
              5      670.04327     0.44764679      670.04327     0.44764679      670.04327     0.44764679
             10      621.59808     0.41887316      621.59808     0.41887316      621.59808     0.41887316
             15      465.88357     0.35618505      465.88357     0.35618505      465.88357     0.35618505
             20      325.45408     0.29431307      325.45408     0.29431307      325.45408     0.29431307
             25      219.55403     0.23979196      219.55403     0.23979196      219.55403     0.23979196
             30      143.99964     0.19287148      143.99964     0.19287148      143.99964     0.19287148
             35      92.051605     0.15364262      92.051605     0.15364262      92.051605     0.15364262
             40      56.489566     0.12019867      56.489566     0.12019867      56.489566     0.12019867
             45      33.012514    0.091875276      33.012514    0.091875276      33.012514    0.091875276
             50       19.17523     0.07006088       19.17523     0.07006088       19.17523     0.07006088
             55      11.741961    0.055309703      11.741961    0.055309703      11.741961    0.055309703
             60      7.3747504    0.043850115      7.3747504    0.043850115      7.3747504    0.043850115
             65       4.907286    0.035888558       4.907286    0.035888558       4.907286    0.035888558
             70      3.2991463    0.029750699      3.2991463    0.029750699      3.2991463    0.029750699
             75      2.2732672    0.024993044      2.2732672    0.024993044      2.2732672    0.024993044
             80      1.6186649    0.020813867      1.6186649    0.020813867      1.6186649    0.020813867
             85      1.1136267    0.017239596      1.1136267    0.017239596      1.1136267    0.017239596
             90     0.83368642    0.015000748     0.83368642    0.015000748     0.83368642    0.015000748
             95     0.60359768    0.013034319     0.60359768    0.013034319     0.60359768    0.013034319
            100     0.42666228    0.010844335     0.42666228    0.010844335     0.42666228    0.010844335
            105     0.33203991   0.0094895974     0.33203991   0.0094895974     0.33203991   0.0094895974
            110     0.23223979   0.0080027513     0.23223979   0.0080027513     0.23223979   0.0080027513
            115     0.20292233    0.007461931     0.20292233    0.007461931     0.20292233    0.007461931
            120     0.14711406   0.0065112871     0.14711406   0.0065112871     0.14711406   0.0065112871
            125     0.10925586   0.0055943575     0.10925586   0.0055943575     0.10925586   0.0055943575
            130    0.079614616   0.0047480807    0.079614616   0.0047480807    0.079614616   0.0047480807
            135    0.064624714   0.0045438808    0.064624714   0.0045438808    0.064624714   0.0045438808
            140    0.050519747   0.0038450546    0.050519747   0.0038450546    0.050519747   0.0038450546
            145    0.044936637   0.0037577488    0.044936637   0.0037577488    0.044936637   0.0037577488
            150    0.038036688   0.0033036099    0.038036688   0.0033036099    0.038036688   0.0033036099
            155    0.031230436   0.0030034102    0.031230436   0.0030034102    0.031230436   0.0030034102
            160    0.023910163   0.0026237701    0.023910163   0.0026237701    0.023910163   0.0026237701
            165    0.016466436   0.0021647827    0.016466436   0.0021647827    0.016466436   0.0021647827
            170     0.01659422   0.0022111674     0.01659422   0.0022111674     0.01659422   0.0022111674
            175    0.014619765   0.0021489185    0.014619765   0.0021489185    0.014619765   0.0021489185
            180    0.012000452   0.0018065074    0.012000452   0.0018065074    0.012000452   0.0018065074
            185    0.006953482    0.001360935    0.006953482    0.001360935    0.006953482    0.001360935
            190   0.0057044644   0.0014958898   0.0057044644   0.0014958898   0.0057044644   0.0014958898
            195   0.0061259144   0.0012766152   0.0061259144   0.0012766152   0.0061259144   0.0012766152
            200   0.0034359683   0.0011049302   0.0034359683   0.0011049302   0.0034359683   0.0011049302
            205   0.0036596376  0.00094603389   0.0036596376  0.00094603389   0.0036596376  0.00094603389
            210   0.0042142513   0.0011409112   0.0042142513   0.0011409112   0.0042142513   0.0011409112
            215   0.0041957076   0.0010184227   0.0041957076   0.0010184227   0.0041957076   0.0010184227
            220   0.0014985819  0.00093448556   0.0014985819  0.00093448556   0.0014985819  0.00093448556
            225   0.0012488077  0.00055845584   0.0012488077  0.00055845584   0.0012488077  0.00055845584
            230   0.0019980859  0.00070639472   0.0019980859  0.00070639472   0.0019980859  0.00070639472
            235   0.0022467218  0.00074887059   0.0022467218  0.00074887059   0.0022467218  0.00074887059
            240   0.0031392242  0.00098501246   0.0031392242  0.00098501246   0.0031392242  0.00098501246
            245   0.0014985692  0.00070640147   0.0014985692  0.00070640147   0.0014985692  0.00070640147
            250  0.00024976154  0.00043257804  0.00024976154  0.00043257804  0.00024976154  0.00043257804
            255  0.00099904614  0.00049949809  0.00099904614  0.00049949809  0.00099904614  0.00049949809
            260  0.00049087442  0.00049523692  0.00049087442  0.00049523692  0.00049087442  0.00049523692
            265  0.00024976154  0.00024974905  0.00024976154  0.00024974905  0.00024976154  0.00024974905
            270  0.00074928461  0.00043257804  0.00074928461  0.00043257804  0.00074928461  0.00043257804
            275  0.00040801908  0.00029566456  0.00040801908  0.00029566456  0.00040801908  0.00029566456
            280  0.00049952307  0.00035319849  0.00049952307  0.00035319849  0.00049952307  0.00035319849
            285   0.0012488204  0.00055846153   0.0012488204  0.00055846153   0.0012488204  0.00055846153
            290  0.00024976154  0.00024974905  0.00024976154  0.00024974905  0.00024976154  0.00024974905
            295 -6.3561208e-09  0.00035320298 -6.3561208e-09  0.00035320298 -6.3561208e-09  0.00035320298
            300  0.00024976154  0.00024974905  0.00024976154  0.00024974905  0.00024976154  0.00024974905
            305              0              0              0              0              0              0
            310              0              0              0              0              0              0
            315  0.00049952307  0.00035319849  0.00049952307  0.00035319849  0.00049952307  0.00035319849
            320  0.00049952307  0.00035319849  0.00049952307  0.00035319849  0.00049952307  0.00035319849
            325  0.00024976154  0.00024974905  0.00024976154  0.00024974905  0.00024976154  0.00024974905
            330              0              0              0              0              0              0
            335              0              0              0              0              0              0
            340  2.1619396e-07  0.00035335139  2.1619396e-07  0.00035335139  2.1619396e-07  0.00035335139
            345              0              0              0              0              0              0
            350  0.00049952307  0.00035319849  0.00049952307  0.00035319849  0.00049952307  0.00035319849
            355              0              0              0              0              0              0
            360              0              0              0              0              0              0
            365  0.00024975516  0.00024974267  0.00024975516  0.00024974267  0.00024975516  0.00024974267
            370              0              0              0              0              0              0
            375              0              0              0              0              0              0
            380  0.00024976154  0.00024974905  0.00024976154  0.00024974905  0.00024976154  0.00024974905
            385              0              0              0              0              0              0
            390              0              0              0              0              0              0
            395              0              0              0              0              0              0
            400 -0.00024976789   0.0002497554 -0.00024976789   0.0002497554 -0.00024976789   0.0002497554
            405              0              0              0              0              0              0
            410              0              0              0              0              0              0
            415              0              0              0              0              0              0
            420              0              0              0              0              0              0
            425              0              0              0              0              0              0
            430              0              0              0              0              0              0
            435              0              0              0              0              0              0
            440              0              0              0              0              0              0
            445              0              0              0              0              0              0
            450              0              0              0              0              0              0
            455              0              0              0              0              0              0
            460 -0.00024976154  0.00024974905 -0.00024976154  0.00024974905 -0.00024976154  0.00024974905
            465              0              0              0              0              0              0
            470              0              0              0              0              0              0
            475              0              0              0              0              0              0
            480              0              0              0              0              0              0
            485              0              0              0              0              0              0
            490              0              0              0              0              0              0
            495              0              0              0              0              0              0
            500              0              0              0              0              0              0
            505              0              0              0              0              0              0
            510              0              0              0              0              0              0
            515              0              0              0              0              0              0
            520              0              0              0              0              0              0
            525              0              0              0              0              0              0
            530              0              0              0              0              0              0
            535              0              0              0              0              0              0
            540              0              0              0              0              0              0
            545              0              0              0              0              0              0
            550              0              0              0              0              0              0
            555              0              0              0              0              0              0
            560              0              0              0              0              0              0
            565              0              0              0              0              0              0
            570              0              0              0              0              0              0
            575              0              0              0              0              0              0
            580              0              0              0              0              0              0
            585              0              0              0              0              0              0
            590              0              0              0              0              0              0
            595              0              0              0              0              0              0
            600              0              0              0              0              0              0
            605              0              0              0              0              0              0
            610              0              0              0              0              0              0
            615              0              0              0              0              0              0
            620              0              0              0              0              0              0
            625              0              0              0              0              0              0
            630              0              0              0              0              0              0
            635              0              0              0              0              0              0
            640              0              0              0              0              0              0
            645              0              0              0              0              0              0
            650              0              0              0              0              0              0
            655              0              0              0              0              0              0
            660              0              0              0              0              0              0
            665              0              0              0              0              0              0
            670              0              0              0              0              0              0
            675              0              0              0              0              0              0
            680              0              0              0              0              0              0
            685              0              0              0              0              0              0
            690              0              0              0              0              0              0
            695              0              0              0              0              0              0
            700              0              0              0              0              0              0
            705              0              0              0              0              0              0
            710              0              0              0              0              0              0
            715              0              0              0              0              0              0
            720              0              0              0              0              0              0
            725              0              0              0              0              0              0
            730              0              0              0              0              0              0
            735              0              0              0              0              0              0
            740              0              0              0              0              0              0
            745              0              0              0              0              0              0
            750              0              0              0              0              0              0
            755              0              0              0              0              0              0
            760              0              0              0              0              0              0
            765              0              0              0              0              0              0
            770              0              0              0              0              0              0
            775              0              0              0              0              0              0
            780              0              0              0              0              0              0
            785              0              0              0              0              0              0
            790              0              0              0              0              0              0
            795              0              0              0              0              0              0
            800              0              0              0              0              0              0
            805              0              0              0              0              0              0
            810              0              0              0              0              0              0
            815              0              0              0              0              0              0
            820              0              0              0              0              0              0
            825              0              0              0              0              0              0
            830              0              0              0              0              0              0
            835              0              0              0              0              0              0
            840              0              0              0              0              0              0
            845              0              0              0              0              0              0
            850              0              0              0              0              0              0
            855              0              0              0              0              0              0
            860              0              0              0              0              0              0
            865              0              0              0              0              0              0
            870              0              0              0              0              0              0
            875              0              0              0              0              0              0
            880              0              0              0              0              0              0
            885              0              0              0              0              0              0
            890              0              0              0              0              0              0
            895              0              0              0              0              0              0
            900              0              0              0              0              0              0
            905              0              0              0              0              0              0
            910              0              0              0              0              0              0
            915              0              0              0              0              0              0
            920              0              0              0              0              0              0
            925              0              0              0              0              0              0
            930              0              0              0              0              0              0
            935              0              0              0              0              0              0
            940              0              0              0              0              0              0
            945              0              0              0              0              0              0
            950              0              0              0              0              0              0
            955              0              0              0              0              0              0
            960              0              0              0              0              0              0
            965              0              0              0              0              0              0
            970              0              0              0              0              0              0
            975              0              0              0              0              0              0
            980              0              0              0              0              0              0
            985              0              0              0              0              0              0
            990              0              0              0              0              0              0
            995              0              0              0              0              0              0
           1000              0              0              0              0              0              0
