# dy_bbZ-j1-ptj        central        num_err    min (scale)        num_err    max (scale)        num_err
# 120
             -8    0.070437838    0.036142096    0.070437838    0.036142096    0.070437838    0.036142096
           -7.9     0.20235389     0.10193827     0.20235389     0.10193827     0.20235389     0.10193827
           -7.8    0.083852464    0.034648334    0.083852464    0.034648334    0.083852464    0.034648334
           -7.7     0.11847123     0.04965065     0.11847123     0.04965065     0.11847123     0.04965065
           -7.6     0.35615135     0.10235447     0.35615135     0.10235447     0.35615135     0.10235447
           -7.5     0.20347599    0.061967931     0.20347599    0.061967931     0.20347599    0.061967931
           -7.4      0.4538431     0.19693603      0.4538431     0.19693603      0.4538431     0.19693603
           -7.3     0.31455549    0.075401998     0.31455549    0.075401998     0.31455549    0.075401998
           -7.2     0.59022194     0.16276058     0.59022194     0.16276058     0.59022194     0.16276058
           -7.1     0.74090588     0.20042145     0.74090588     0.20042145     0.74090588     0.20042145
             -7     0.58567759     0.10345299     0.58567759     0.10345299     0.58567759     0.10345299
           -6.9     0.95164178     0.15922866     0.95164178     0.15922866     0.95164178     0.15922866
           -6.8      1.1802293     0.19339471      1.1802293     0.19339471      1.1802293     0.19339471
           -6.7      1.0003304     0.18133684      1.0003304     0.18133684      1.0003304     0.18133684
           -6.6      1.6972587     0.28011983      1.6972587     0.28011983      1.6972587     0.28011983
           -6.5      1.7746212     0.19311767      1.7746212     0.19311767      1.7746212     0.19311767
           -6.4      4.8580875      1.8173037      4.8580875      1.8173037      4.8580875      1.8173037
           -6.3      2.9383949     0.39777411      2.9383949     0.39777411      2.9383949     0.39777411
           -6.2      2.8823101     0.26426197      2.8823101     0.26426197      2.8823101     0.26426197
           -6.1      4.1737893     0.65375753      4.1737893     0.65375753      4.1737893     0.65375753
             -6      4.2387655     0.30827232      4.2387655     0.30827232      4.2387655     0.30827232
           -5.9      5.3259161     0.56584235      5.3259161     0.56584235      5.3259161     0.56584235
           -5.8      6.2407448     0.45481022      6.2407448     0.45481022      6.2407448     0.45481022
           -5.7      7.5128942      1.3037272      7.5128942      1.3037272      7.5128942      1.3037272
           -5.6      7.7830963     0.48376529      7.7830963     0.48376529      7.7830963     0.48376529
           -5.5      9.0621247     0.57765077      9.0621247     0.57765077      9.0621247     0.57765077
           -5.4      9.9136968     0.50775063      9.9136968     0.50775063      9.9136968     0.50775063
           -5.3      14.182491       0.661823      14.182491       0.661823      14.182491       0.661823
           -5.2      19.380894       3.060015      19.380894       3.060015      19.380894       3.060015
           -5.1      17.578324     0.89006602      17.578324     0.89006602      17.578324     0.89006602
             -5      22.527475      2.6000269      22.527475      2.6000269      22.527475      2.6000269
           -4.9      26.108967      2.1671792      26.108967      2.1671792      26.108967      2.1671792
           -4.8      24.349531      1.1243341      24.349531      1.1243341      24.349531      1.1243341
           -4.7      29.288751      1.4616708      29.288751      1.4616708      29.288751      1.4616708
           -4.6      33.478295      1.5356721      33.478295      1.5356721      33.478295      1.5356721
           -4.5      42.317397      3.0689304      42.317397      3.0689304      42.317397      3.0689304
           -4.4      42.701235      1.5583281      42.701235      1.5583281      42.701235      1.5583281
           -4.3      49.424005       2.839169      49.424005       2.839169      49.424005       2.839169
           -4.2      53.982145      2.3283369      53.982145      2.3283369      53.982145      2.3283369
           -4.1      66.354626      3.2045707      66.354626      3.2045707      66.354626      3.2045707
             -4      70.424739      2.4131684      70.424739      2.4131684      70.424739      2.4131684
           -3.9      75.037577      2.5240597      75.037577      2.5240597      75.037577      2.5240597
           -3.8      89.223015      2.9337499      89.223015      2.9337499      89.223015      2.9337499
           -3.7      93.962431      2.6054122      93.962431      2.6054122      93.962431      2.6054122
           -3.6      105.59519      3.3200036      105.59519      3.3200036      105.59519      3.3200036
           -3.5      122.39936      3.5569308      122.39936      3.5569308      122.39936      3.5569308
           -3.4      134.44674      3.7083492      134.44674      3.7083492      134.44674      3.7083492
           -3.3      146.67017      4.3674363      146.67017      4.3674363      146.67017      4.3674363
           -3.2      162.00312       5.495489      162.00312       5.495489      162.00312       5.495489
           -3.1      177.82116      4.7722047      177.82116      4.7722047      177.82116      4.7722047
             -3      189.27696      4.2234475      189.27696      4.2234475      189.27696      4.2234475
           -2.9      207.99972      4.0028551      207.99972      4.0028551      207.99972      4.0028551
           -2.8      230.49742      5.5769368      230.49742      5.5769368      230.49742      5.5769368
           -2.7      245.65565      5.5205167      245.65565      5.5205167      245.65565      5.5205167
           -2.6       266.1985      5.1511057       266.1985      5.1511057       266.1985      5.1511057
           -2.5      291.78748      6.8585449      291.78748      6.8585449      291.78748      6.8585449
           -2.4      314.66051      5.9950069      314.66051      5.9950069      314.66051      5.9950069
           -2.3      332.77763      6.0645138      332.77763      6.0645138      332.77763      6.0645138
           -2.2      366.05254      6.2668384      366.05254      6.2668384      366.05254      6.2668384
           -2.1      391.34788      6.6653484      391.34788      6.6653484      391.34788      6.6653484
             -2      423.49305      6.9771115      423.49305      6.9771115      423.49305      6.9771115
           -1.9      437.23156      7.0748725      437.23156      7.0748725      437.23156      7.0748725
           -1.8      474.86385      7.5719838      474.86385      7.5719838      474.86385      7.5719838
           -1.7      498.80565      8.2287147      498.80565      8.2287147      498.80565      8.2287147
           -1.6      506.36437      6.5737579      506.36437      6.5737579      506.36437      6.5737579
           -1.5      548.57842      8.3197681      548.57842      8.3197681      548.57842      8.3197681
           -1.4      564.95859      7.3290499      564.95859      7.3290499      564.95859      7.3290499
           -1.3      611.99516      9.0551835      611.99516      9.0551835      611.99516      9.0551835
           -1.2      604.00778      7.5594587      604.00778      7.5594587      604.00778      7.5594587
           -1.1      648.19638      10.010579      648.19638      10.010579      648.19638      10.010579
             -1      645.18518      8.0256298      645.18518      8.0256298      645.18518      8.0256298
           -0.9      670.13293      9.2873922      670.13293      9.2873922      670.13293      9.2873922
           -0.8       681.4499      8.4772821       681.4499      8.4772821       681.4499      8.4772821
           -0.7      704.46582      8.8381466      704.46582      8.8381466      704.46582      8.8381466
           -0.6       708.6203      8.8299874       708.6203      8.8299874       708.6203      8.8299874
           -0.5      730.73794       8.707912      730.73794       8.707912      730.73794       8.707912
           -0.4      721.05666      9.3392607      721.05666      9.3392607      721.05666      9.3392607
           -0.3      720.94017      9.4723829      720.94017      9.4723829      720.94017      9.4723829
           -0.2       703.5534      8.3179739       703.5534      8.3179739       703.5534      8.3179739
           -0.1       723.8161        8.69145       723.8161        8.69145       723.8161        8.69145
              0      695.78125       8.205267      695.78125       8.205267      695.78125       8.205267
            0.1      716.04426      8.9465624      716.04426      8.9465624      716.04426      8.9465624
            0.2      709.11149       8.764727      709.11149       8.764727      709.11149       8.764727
            0.3      734.44478      9.9627042      734.44478      9.9627042      734.44478      9.9627042
            0.4      709.31067      7.7919335      709.31067      7.7919335      709.31067      7.7919335
            0.5      716.39081      8.7975939      716.39081      8.7975939      716.39081      8.7975939
            0.6      708.27059      9.5913724      708.27059      9.5913724      708.27059      9.5913724
            0.7      698.06286      9.3852762      698.06286      9.3852762      698.06286      9.3852762
            0.8      676.93695      9.5994537      676.93695      9.5994537      676.93695      9.5994537
            0.9      652.24579      7.7114926      652.24579      7.7114926      652.24579      7.7114926
              1      625.69004      7.8651838      625.69004      7.8651838      625.69004      7.8651838
            1.1      616.29316      9.0827503      616.29316      9.0827503      616.29316      9.0827503
            1.2      593.75453      9.0771934      593.75453      9.0771934      593.75453      9.0771934
            1.3       566.8617      8.1509521       566.8617      8.1509521       566.8617      8.1509521
            1.4      550.42119      8.6511006      550.42119      8.6511006      550.42119      8.6511006
            1.5      513.13254      7.5539067      513.13254      7.5539067      513.13254      7.5539067
            1.6      493.22414      7.9812836      493.22414      7.9812836      493.22414      7.9812836
            1.7      465.03963       7.210558      465.03963       7.210558      465.03963       7.210558
            1.8      443.70357       6.719233      443.70357       6.719233      443.70357       6.719233
            1.9      417.94937       7.435227      417.94937       7.435227      417.94937       7.435227
              2      392.55198      7.6157187      392.55198      7.6157187      392.55198      7.6157187
            2.1      368.27109       7.289077      368.27109       7.289077      368.27109       7.289077
            2.2      338.28097      6.3604412      338.28097      6.3604412      338.28097      6.3604412
            2.3      315.97582      6.0663979      315.97582      6.0663979      315.97582      6.0663979
            2.4      288.79497      6.1778433      288.79497      6.1778433      288.79497      6.1778433
            2.5      269.22956      6.0165439      269.22956      6.0165439      269.22956      6.0165439
            2.6      263.29695      7.2253874      263.29695      7.2253874      263.29695      7.2253874
            2.7       230.0786      5.0335784       230.0786      5.0335784       230.0786      5.0335784
            2.8      202.46178      4.4495571      202.46178      4.4495571      202.46178      4.4495571
            2.9      195.00106      5.2979575      195.00106      5.2979575      195.00106      5.2979575
              3      174.55513      5.0104764      174.55513      5.0104764      174.55513      5.0104764
            3.1      157.35512      3.6038386      157.35512      3.6038386      157.35512      3.6038386
            3.2      147.97038      5.1817936      147.97038      5.1817936      147.97038      5.1817936
            3.3      136.40532      4.2818776      136.40532      4.2818776      136.40532      4.2818776
            3.4      113.75458      2.8645996      113.75458      2.8645996      113.75458      2.8645996
            3.5      108.59613      4.2890779      108.59613      4.2890779      108.59613      4.2890779
            3.6      106.30235      5.1357686      106.30235      5.1357686      106.30235      5.1357686
            3.7      89.148386      3.2962398      89.148386      3.2962398      89.148386      3.2962398
            3.8      77.730416      3.1546645      77.730416      3.1546645      77.730416      3.1546645
            3.9      73.088024      3.7726336      73.088024      3.7726336      73.088024      3.7726336
              4      60.456553      2.0722724      60.456553      2.0722724      60.456553      2.0722724
            4.1      59.560008      3.1055452      59.560008      3.1055452      59.560008      3.1055452
            4.2      52.279171      2.4257133      52.279171      2.4257133      52.279171      2.4257133
            4.3      43.222377      1.5126425      43.222377      1.5126425      43.222377      1.5126425
            4.4      40.327131      2.6053287      40.327131      2.6053287      40.327131      2.6053287
            4.5      33.107519      1.3892868      33.107519      1.3892868      33.107519      1.3892868
            4.6      31.648613      1.9156669      31.648613      1.9156669      31.648613      1.9156669
            4.7      26.058087      1.7826377      26.058087      1.7826377      26.058087      1.7826377
            4.8      21.798617      1.0862051      21.798617      1.0862051      21.798617      1.0862051
            4.9      19.550717     0.79927732      19.550717     0.79927732      19.550717     0.79927732
              5      17.882973      1.1108746      17.882973      1.1108746      17.882973      1.1108746
            5.1      14.939473      0.7917553      14.939473      0.7917553      14.939473      0.7917553
            5.2      14.643122      2.1924792      14.643122      2.1924792      14.643122      2.1924792
            5.3      12.179601      1.4127857      12.179601      1.4127857      12.179601      1.4127857
            5.4      9.5831829     0.65889297      9.5831829     0.65889297      9.5831829     0.65889297
            5.5      8.8437899      1.0396888      8.8437899      1.0396888      8.8437899      1.0396888
            5.6      7.2680503      0.6216363      7.2680503      0.6216363      7.2680503      0.6216363
            5.7      6.1589733     0.57144088      6.1589733     0.57144088      6.1589733     0.57144088
            5.8      5.0987011     0.45712003      5.0987011     0.45712003      5.0987011     0.45712003
            5.9      3.9632865     0.28654298      3.9632865     0.28654298      3.9632865     0.28654298
              6      5.0609085      1.7431117      5.0609085      1.7431117      5.0609085      1.7431117
            6.1      2.8400614     0.24827513      2.8400614     0.24827513      2.8400614     0.24827513
            6.2       2.415425     0.20791874       2.415425     0.20791874       2.415425     0.20791874
            6.3      3.0492099     0.58401693      3.0492099     0.58401693      3.0492099     0.58401693
            6.4      1.9777921     0.36460804      1.9777921     0.36460804      1.9777921     0.36460804
            6.5      1.0015011     0.42409378      1.0015011     0.42409378      1.0015011     0.42409378
            6.6      1.4884575     0.36628474      1.4884575     0.36628474      1.4884575     0.36628474
            6.7     0.82230652     0.13135355     0.82230652     0.13135355     0.82230652     0.13135355
            6.8      0.9481829     0.15137939      0.9481829     0.15137939      0.9481829     0.15137939
            6.9       1.095924     0.22595032       1.095924     0.22595032       1.095924     0.22595032
              7     0.85147218     0.22649284     0.85147218     0.22649284     0.85147218     0.22649284
            7.1     0.42823562    0.099260717     0.42823562    0.099260717     0.42823562    0.099260717
            7.2      0.4202337    0.089474742      0.4202337    0.089474742      0.4202337    0.089474742
            7.3     0.26700159    0.093018203     0.26700159    0.093018203     0.26700159    0.093018203
            7.4     0.23277933    0.059022266     0.23277933    0.059022266     0.23277933    0.059022266
            7.5     0.33834423     0.13052138     0.33834423     0.13052138     0.33834423     0.13052138
            7.6      0.1878531    0.098059026      0.1878531    0.098059026      0.1878531    0.098059026
            7.7     0.14952655    0.063942456     0.14952655    0.063942456     0.14952655    0.063942456
            7.8    0.035687122    0.032648194    0.035687122    0.032648194    0.035687122    0.032648194
            7.9    0.077324959    0.032510155    0.077324959    0.032510155    0.077324959    0.032510155
              8    0.077324959    0.032510155    0.077324959    0.032510155    0.077324959    0.032510155
