                0          -905.91570       0.656856
                5          -2022.5504       0.961520
               10          -2156.6894       0.998837
               15          -1874.0741        1.23465
               20          -1509.9203       0.826177
               25          -1182.5358       0.730560
               30          -913.67922       0.705005
               35          -704.17583       0.582205
               40          -544.64383       0.533609
               45          -421.06632       0.477880
               50          -327.97899       0.427926
               55          -256.66646       0.395410
               60          -200.92576       0.357076
               65          -158.93572       0.321543
               70          -126.04507       0.300101
               75          -100.50681       0.278726
               80          -80.250889       0.251470
               85          -64.646339       0.226126
               90          -52.392345       0.211500
               95          -42.506289       0.196997
              100          -34.937719       0.187061
              105          -28.610800       0.170251
              110          -23.672400       0.158922
              115          -19.720812       0.155702
              120          -16.743062       0.181350
              125          -13.398316       0.130279
              130          -11.199709       0.119376
              135          -9.6066473       0.113370
              140          -7.8153244       0.167623
              145          -6.6281746      0.0976558
              150          -5.6644242      0.0911866
              155          -4.8777416      0.0879435
              160          -4.1895825      0.0932404
              165          -3.5122473      0.0758064
              170          -2.9989766      0.0885345
              175          -2.7161421      0.0665143
              180          -2.1570769      0.0640680
              185          -1.9826783      0.0629944
              190          -1.5752326      0.0581207
              195          -1.4566307      0.0559290
              200          -1.1298304      0.0513636
              205          -1.0688037      0.0540970
              210         -0.94646415      0.0524920
              215         -0.83193944      0.0470343
              220         -0.77015947      0.0431736
              225         -0.60042324      0.0408801
              230         -0.54094121      0.0386167
              235         -0.38131376      0.0347895
              240         -0.43637914      0.0351799
              245         -0.33605824      0.0326863
              250         -0.27938385      0.0298025
              255         -0.30963107      0.0290872
              260         -0.25553725      0.0277716
              265         -0.27921266      0.0273916
              270         -0.16532202      0.0262467
              275         -0.11280791      0.0262732
              280         -0.17063419      0.0240270
              285         -0.12004635      0.0228128
              290        -0.068731524      0.0215279
              295        -0.087176936      0.0212487
              300        -0.058812291      0.0188372
              305        -0.086564667      0.0185281
              310        -0.040555883      0.0186784
              315        -0.028850615      0.0169377
              320        -0.031628470      0.0170627
              325        -0.043467304      0.0147515
              330        -0.018923910      0.0149109
              335        -0.052200948      0.0145864
              340        -0.040402207      0.0129590
              345        -0.025673640      0.0131073
              350        -0.031023494      0.0134015
              355        -0.024406451      0.0140661
              360        0.0019009087      0.0130088
              365        -0.016570028      0.0115463
              370        -0.019502938      0.0109791
              375        -0.016825029      0.0127792
              380       -0.0096246043     0.00997425
              385        0.0031578243     0.00972641
              390        0.0037499005      0.0105667
              395         0.012632118      0.0191133
              400        -0.015767893     0.00853933
              405       -0.0091905265     0.00818333
              410       -0.0096708609     0.00803244
              415       3.6659299e-05     0.00767147
              420       -0.0019059766     0.00731108
              425        0.0061701507     0.00815828
              430         0.022573141     0.00805010
              435       0.00096866460     0.00746748
              440      -0.00025476060     0.00680278
              445       -0.0037800280     0.00685471
              450       -0.0036794032     0.00720575
              455        0.0046751824     0.00674032
              460       -0.0074186278     0.00853656
              465       -0.0078949091     0.00547374
              470        0.0057320914     0.00567718
              475       -0.0020290425     0.00628268
              480         0.015593488     0.00810594
              485        0.0010972839     0.00502223
              490       0.00019618537     0.00588436
              495        0.0098651056     0.00481500
              500        0.0057350956     0.00456827
              505       -0.0067556911     0.00465428
              510        0.0067102773     0.00575393
              515      -0.00064962956     0.00491951
              520       -0.0019426793     0.00585711
              525        0.0074264654     0.00609192
              530        0.0042918940     0.00410184
              535        0.0034341527     0.00424201
              540        0.0056813066     0.00411110
              545       -0.0099433112     0.00432729
              550        0.0051140349     0.00341076
              555        0.0083305990     0.00567396
              560       -0.0040430033     0.00316227
              565        0.0017990854     0.00365261
              570        0.0053075476     0.00357152
              575        0.0046854016     0.00411050
              580        0.0032471012     0.00263682
              585       0.00077982024     0.00285819
              590        0.0018004334     0.00294488
              595        0.0032300707     0.00294829
              600        0.0057334573     0.00301529
              605        0.0062480662     0.00439502
              610        0.0028123562     0.00253130
              615        0.0017418532     0.00227472
              620        0.0053422666     0.00271687
              625        0.0022761702     0.00292339
              630       0.00053944692     0.00237004
              635        0.0039567281     0.00234241
              640        0.0023056134     0.00273896
              645        0.0095240526     0.00274267
              650      -0.00038762848     0.00212913
              655      -0.00021919469     0.00173627
              660       0.00059949577     0.00245221
              665        0.0030099279     0.00262435
              670        0.0035375497     0.00251554
              675        0.0012782779     0.00294847
              680       -0.0013248433     0.00201802
              685        0.0050548015     0.00199507
              690        0.0011062282     0.00178782
              695       -0.0010775429     0.00169330
              700        0.0014976362     0.00166323
              705        0.0035019925     0.00151006
              710        0.0026667970     0.00164403
              715       0.00062987919     0.00160545
              720       -0.0018182087     0.00184578
              725        0.0011221484     0.00138188
              730        0.0042122784     0.00159877
              735        0.0011064868     0.00111552
              740      -0.00015403297     0.00124821
              745        0.0027929935     0.00132435
              750        0.0023256042     0.00177576
              755        0.0014584562     0.00107406
              760        0.0041447189     0.00160480
              765        0.0031276358     0.00184432
              770       -0.0018674659     0.00173302
              775       0.00059487339     0.00101738
              780       0.00089666468     0.00102119
              785      -4.9438557e-05    0.000896203
              790       0.00098379846     0.00104269
              795        0.0015134809    0.000872370
              800        0.0012642601    0.000958206
              805        0.0013998178    0.000887112
              810        0.0020899487     0.00129293
              815       0.00090616249    0.000910950
              820        0.0012586331    0.000732529
              825       0.00087423446    0.000734166
              830        0.0011647782    0.000753884
              835        0.0018751894    0.000864261
              840        0.0029350738     0.00217847
              845       -0.0014855641     0.00213742
              850       0.00088691030    0.000676456
              855       0.00071824496    0.000630422
              860        0.0011153894    0.000673984
              865       0.00093369718    0.000601519
              870        0.0028569272     0.00192402
              875        0.0019816623    0.000602870
              880       0.00099230449    0.000739997
              885      -0.00064938467    0.000655390
              890        0.0010539085    0.000656050
              895        0.0010301412    0.000522396
              900       0.00083968193    0.000642880
              905       8.9702687e-05    0.000563516
              910       0.00023272748    0.000486379
              915       0.00043827758    0.000570275
              920       0.00036407573    0.000419160
              925      -5.4008424e-05    0.000379206
              930        0.0013302777    0.000452366
              935       0.00037095443    0.000392286
              940       0.00025095151    0.000439158
              945       0.00012756307    0.000351250
              950       0.00020959861    0.000427199
              955       0.00024499579    0.000303253
              960       0.00026825986    0.000557177
              965        0.0013248495    0.000670382
              970      -7.2584106e-05    0.000435966
              975        0.0012645261    0.000580451
              980      -0.00029693973    0.000608364
              985       0.00039049491    0.000429053
              990       0.00074634549    0.000353170
              995      -0.00019267367    0.000537048
